Rk,Date,G,Age,Tm,,Opp,,G,A,PTS,+/-,PIM,EV,PP,SH,GW,EV,PP,SH,S,S%,SHFT,TOI,HIT,BLK,FOW,FOL,FO%
1,2023-10-11,1,24-346,COL,@,LAK,W,1,1,2,3,4,0,1,0,0,1,0,0,5,20.0,28,22:22,1,2,0,0,
2,2023-10-14,2,24-349,COL,@,SJS,W,1,0,1,1,0,1,0,0,0,0,0,0,5,20.0,30,27:46,1,4,0,0,
3,2023-10-17,3,24-352,COL,@,SEA,W,0,1,1,2,0,0,0,0,0,0,0,1,2,0.0,28,22:08,0,1,0,0,
4,2023-10-19,4,24-354,COL,,CHI,W,0,0,0,0,0,0,0,0,0,0,0,0,0,,25,24:52,2,1,0,0,
5,2023-10-21,5,24-356,COL,,CAR,W,0,2,2,0,2,0,0,0,0,0,2,0,3,0.0,28,23:53,1,3,0,0,
6,2023-10-24,6,24-359,COL,@,NYI,W,1,2,3,1,0,1,0,0,0,1,1,0,1,100.0,27,24:39,0,2,0,0,
7,2023-10-26,7,24-361,COL,@,PIT,L,0,0,0,-1,0,0,0,0,0,0,0,0,0,,25,23:07,0,1,0,0,
8,2023-10-29,8,24-364,COL,@,BUF,L,0,0,0,-1,0,0,0,0,0,0,0,0,0,,20,21:58,0,1,0,0,
9,2023-11-01,9,25-002,COL,,STL,W,0,2,2,0,0,0,0,0,0,1,1,0,3,0.0,25,25:22,0,1,0,0,
10,2023-11-04,10,25-005,COL,@,VEG,L,0,0,0,-1,0,0,0,0,0,0,0,0,3,0.0,25,21:55,1,1,0,0,
11,2023-11-07,11,25-008,COL,,NJD,W,0,3,3,4,0,0,0,0,0,1,1,1,2,0.0,26,25:21,0,1,0,0,
12,2023-11-09,12,25-010,COL,,SEA,L,0,1,1,2,0,0,0,0,0,1,0,0,3,0.0,27,24:25,2,3,0,0,
13,2023-11-11,13,25-012,COL,,STL,L,0,1,1,-2,2,0,0,0,0,1,0,0,5,0.0,25,22:09,0,3,0,0,
14,2023-11-13,14,25-014,COL,@,SEA,W,1,1,2,1,0,1,0,0,0,0,1,0,3,33.3,30,23:28,0,1,0,0,
15,2023-11-15,15,25-016,COL,,ANA,W,0,3,3,2,0,0,0,0,0,2,1,0,5,0.0,25,22:13,0,1,0,0,
16,2023-11-18,16,25-019,COL,@,DAL,W,0,3,3,2,0,0,0,0,0,2,1,0,2,0.0,28,26:14,1,3,0,0,
17,2023-11-20,17,25-021,COL,@,NSH,L,0,3,3,0,0,0,0,0,0,1,1,1,1,0.0,24,25:02,0,1,0,0,
18,2023-11-22,18,25-023,COL,,VAN,W,1,1,2,3,0,1,0,0,0,1,0,0,3,33.3,27,24:36,2,1,0,0,
19,2023-11-24,19,25-025,COL,@,MIN,W,0,0,0,1,0,0,0,0,0,0,0,0,2,0.0,28,28:48,0,2,0,0,
20,2023-11-25,20,25-026,COL,,CGY,W,0,1,1,1,0,0,0,0,0,1,0,0,0,,26,22:33,0,3,0,0,
21,2023-11-27,21,25-028,COL,,TBL,W,1,1,2,2,2,0,1,0,0,1,0,0,3,33.3,25,26:28,1,1,0,0,
22,2023-11-30,22,25-031,COL,@,ARI,L-OT,1,1,2,-2,0,0,1,0,0,0,1,0,4,25.0,28,28:15,0,2,0,0,
23,2023-12-02,23,25-033,COL,@,ANA,L-SO,0,0,0,0,0,0,0,0,0,0,0,0,2,0.0,21,25:03,1,1,0,0,
24,2023-12-07,24,25-038,COL,,WPG,L,0,0,0,-2,0,0,0,0,0,0,0,0,4,0.0,24,24:10,0,1,0,0,
25,2023-12-09,25,25-040,COL,,PHI,L,0,0,0,-1,0,0,0,0,0,0,0,0,3,0.0,25,24:51,0,1,0,0,
26,2023-12-11,26,25-042,COL,,CGY,W,1,1,2,-2,0,0,1,0,0,1,0,0,5,20.0,27,23:20,1,1,0,0,
27,2023-12-13,27,25-044,COL,,BUF,W,0,1,1,0,0,0,0,0,0,1,0,0,2,0.0,19,17:21,0,1,0,0,
28,2023-12-21,28,25-052,COL,,OTT,W,0,2,2,-1,0,0,0,0,0,0,2,0,5,0.0,28,28:26,1,4,0,0,
29,2023-12-23,29,25-054,COL,,ARI,W,0,0,0,1,0,0,0,0,0,0,0,0,4,0.0,23,22:59,1,1,0,0,
30,2023-12-27,30,25-058,COL,@,ARI,L-OT,0,2,2,-3,0,0,0,0,0,0,2,0,5,0.0,28,25:55,0,3,0,0,
31,2023-12-29,31,25-060,COL,@,STL,W,0,0,0,0,0,0,0,0,0,0,0,0,4,0.0,29,24:45,0,1,0,0,
32,2023-12-31,32,25-062,COL,,SJS,W,0,0,0,0,2,0,0,0,0,0,0,0,5,0.0,26,25:12,0,2,0,0,
33,2024-01-02,33,25-064,COL,,NYI,W,0,3,3,0,0,0,0,0,0,1,2,0,2,0.0,27,26:11,0,3,0,0,
34,2024-01-04,34,25-066,COL,@,DAL,W,0,1,1,0,0,0,0,0,0,1,0,0,3,0.0,29,27:38,0,5,0,0,
35,2024-01-06,35,25-068,COL,,FLA,L,1,1,2,-2,0,1,0,0,0,0,1,0,4,25.0,26,26:25,0,1,0,0,
36,2024-01-08,36,25-070,COL,,BOS,W,0,1,1,-1,0,0,0,0,0,0,1,0,5,0.0,32,31:17,0,1,0,0,
37,2024-01-10,37,25-072,COL,,VEG,W,0,0,0,0,0,0,0,0,0,0,0,0,1,0.0,30,26:52,3,3,0,0,
38,2024-01-13,38,25-075,COL,@,TOR,W,0,0,0,1,0,0,0,0,0,0,0,0,5,0.0,25,25:09,0,1,0,0,
39,2024-01-15,39,25-077,COL,@,MTL,L,1,2,3,1,0,1,0,0,0,1,1,0,6,16.7,24,29:17,0,0,0,0,
40,2024-01-16,40,25-078,COL,@,OTT,W,0,1,1,1,0,0,0,0,0,1,0,0,2,0.0,23,23:19,1,2,0,0,
41,2024-01-18,41,25-080,COL,@,BOS,L,0,1,1,-2,0,0,0,0,0,1,0,0,2,0.0,25,27:32,2,3,0,0,
42,2024-01-20,42,25-082,COL,@,PHI,W,0,1,1,0,0,0,0,0,0,0,1,0,3,0.0,27,24:01,0,5,0,0,
43,2024-01-24,43,25-086,COL,,WSH,W,1,2,3,3,0,0,0,1,0,0,2,0,1,100.0,24,24:17,0,2,0,0,
44,2024-01-26,44,25-088,COL,,LAK,W,1,0,1,1,0,0,1,0,0,0,0,0,9,11.1,22,25:25,1,1,0,0,
45,2024-02-05,45,25-098,COL,@,NYR,L-OT,0,1,1,0,0,0,0,0,0,1,0,0,1,0.0,23,25:28,0,1,0,0,
46,2024-02-06,46,25-099,COL,@,NJD,L,1,0,1,-1,0,1,0,0,0,0,0,0,6,16.7,28,27:17,1,3,0,0,
47,2024-02-08,47,25-101,COL,@,CAR,L,0,0,0,-2,0,0,0,0,0,0,0,0,3,0.0,24,25:56,0,3,0,0,
48,2024-02-10,48,25-103,COL,@,FLA,L,0,0,0,0,0,0,0,0,0,0,0,0,2,0.0,24,22:35,1,1,0,0,
49,2024-02-13,49,25-106,COL,@,WSH,W,0,0,0,1,0,0,0,0,0,0,0,0,3,0.0,27,26:22,0,3,0,0,
50,2024-02-15,50,25-108,COL,@,TBL,L,0,0,0,-3,0,0,0,0,0,0,0,0,2,0.0,22,27:32,2,2,0,0,
51,2024-02-18,51,25-111,COL,,ARI,W,0,0,0,-1,0,0,0,0,0,0,0,0,6,0.0,29,27:09,1,2,0,0,
52,2024-02-20,52,25-113,COL,,VAN,W,0,0,0,0,0,0,0,0,0,0,0,0,1,0.0,25,25:42,0,1,0,0,
53,2024-02-22,53,25-115,COL,@,DET,L-OT,0,0,0,0,0,0,0,0,0,0,0,0,3,0.0,24,27:05,0,3,0,0,
54,2024-02-24,54,25-117,COL,,TOR,L,0,1,1,-2,0,0,0,0,0,0,1,0,3,0.0,26,23:23,0,3,0,0,
55,2024-02-27,55,25-120,COL,,DAL,W,0,1,1,0,0,0,0,0,0,1,0,0,0,,26,23:59,1,3,0,0,
56,2024-02-29,56,25-122,COL,@,CHI,W,0,2,2,2,0,0,0,0,0,2,0,0,3,0.0,23,22:20,0,0,0,0,
57,2024-03-02,57,25-124,COL,@,NSH,L,0,0,0,-1,0,0,0,0,0,0,0,0,2,0.0,23,23:26,0,2,0,0,
58,2024-03-04,58,25-126,COL,,CHI,W,1,1,2,2,2,1,0,0,0,1,0,0,5,20.0,24,22:05,1,1,0,0,
59,2024-03-06,59,25-128,COL,,DET,W,3,1,4,3,0,2,1,0,0,0,1,0,5,60.0,24,23:50,0,0,0,0,
60,2024-03-08,60,25-130,COL,,MIN,W,0,0,0,1,0,0,0,0,0,0,0,0,3,0.0,24,24:11,1,5,0,0,
61,2024-03-12,61,25-134,COL,@,CGY,W,0,1,1,4,0,0,0,0,0,1,0,0,2,0.0,22,23:42,0,0,0,0,
62,2024-03-13,62,25-135,COL,@,VAN,W,0,2,2,-2,0,0,0,0,0,0,2,0,1,0.0,30,27:18,1,0,0,0,
63,2024-03-16,63,25-138,COL,@,EDM,W,0,1,1,2,0,0,0,0,0,1,0,0,3,0.0,31,27:31,1,2,0,0,
64,2024-03-19,64,25-141,COL,@,STL,W,0,1,1,-2,0,0,0,0,0,1,0,0,3,0.0,23,21:29,0,1,0,0,
65,2024-03-22,65,25-144,COL,,CBJ,W,1,1,2,3,0,1,0,0,0,1,0,0,5,20.0,24,21:39,1,2,0,0,
66,2024-03-24,66,25-146,COL,,PIT,W,0,1,1,0,0,0,0,0,0,1,0,0,1,0.0,28,25:10,0,1,0,0,
67,2024-03-26,67,25-148,COL,,MTL,L,0,0,0,0,0,0,0,0,0,0,0,0,2,0.0,22,26:41,0,1,0,0,
68,2024-03-28,68,25-150,COL,,NYR,L-SO,0,0,0,1,0,0,0,0,0,0,0,0,3,0.0,27,26:42,1,1,0,0,
69,2024-03-30,69,25-152,COL,,NSH,W,1,2,3,-2,0,0,1,0,0,0,2,0,4,25.0,21,21:42,0,5,0,0,
70,2024-04-01,70,25-154,COL,@,CBJ,L,0,0,0,-2,0,0,0,0,0,0,0,0,6,0.0,23,25:40,0,4,0,0,
71,2024-04-04,71,25-157,COL,@,MIN,W,0,1,1,2,0,0,0,0,0,0,1,0,4,0.0,23,23:20,0,1,0,0,
72,2024-04-05,72,25-158,COL,@,EDM,L,0,1,1,-2,0,0,0,0,0,1,0,0,0,,23,21:32,0,1,0,0,
73,2024-04-07,73,25-160,COL,,DAL,L,0,1,1,0,2,0,0,0,0,0,1,0,1,0.0,25,26:09,0,2,0,0,
74,2024-04-09,74,25-162,COL,,MIN,W,1,2,3,2,0,1,0,0,1,1,1,0,5,20.0,23,22:13,1,2,0,0,
75,2024-04-13,75,25-166,COL,,WPG,L,0,0,0,-2,0,0,0,0,0,0,0,0,2,0.0,27,25:29,1,0,0,0,
76,2024-04-14,76,25-167,COL,@,VEG,L-OT,1,1,2,1,0,1,0,0,0,1,0,0,1,100.0,32,24:40,0,8,0,0,
77,2024-04-18,77,25-171,COL,,EDM,W,0,1,1,1,0,0,0,0,0,0,1,0,3,0.0,22,21:00,0,2,0,0,
1,2022-10-12,1,23-347,COL,,CHI,W,0,2,2,1,0,0,0,0,0,0,2,0,4,0.0,23,24:06,1,1,0,0,
2,2022-10-13,2,23-348,COL,@,CGY,L,0,0,0,-1,4,0,0,0,0,0,0,0,2,0.0,26,26:39,0,2,0,0,
3,2022-10-17,3,23-352,COL,@,MIN,W,0,2,2,1,0,0,0,0,0,1,1,0,2,0.0,28,26:40,3,1,0,0,
4,2022-10-19,4,23-354,COL,,WPG,L-OT,0,1,1,-1,0,0,0,0,0,0,1,0,2,0.0,29,24:59,1,3,0,0,
5,2022-10-21,5,23-356,COL,,SEA,L,0,0,0,1,0,0,0,0,0,0,0,0,0,,27,28:30,3,2,0,0,
6,2022-10-22,6,23-357,COL,@,VEG,W,0,1,1,0,0,0,0,0,0,0,1,0,3,0.0,32,25:46,2,1,0,0,
7,2022-10-25,7,23-360,COL,@,NYR,W,0,1,1,-1,0,0,0,0,0,0,1,0,2,0.0,28,26:54,0,2,0,0,
8,2022-10-28,8,23-363,COL,@,NJD,L,0,0,0,0,0,0,0,0,0,0,0,0,2,0.0,25,25:49,3,2,0,0,
9,2022-10-29,9,23-364,COL,@,NYI,L,0,1,1,0,0,0,0,0,0,1,0,0,4,0.0,28,28:02,1,3,0,0,
10,2022-11-04,10,24-005,COL,,CBJ,W,1,1,2,2,0,1,0,0,0,0,1,0,6,16.7,30,26:49,1,4,0,0,
11,2022-11-05,11,24-006,COL,@,CBJ,W,0,3,3,4,0,0,0,0,0,3,0,0,4,0.0,27,21:45,1,1,0,0,
12,2022-11-10,12,24-011,COL,,NSH,W,0,1,1,1,0,0,0,0,0,0,1,0,2,0.0,26,27:27,2,3,0,0,
13,2022-11-12,13,24-013,COL,,CAR,W,2,0,2,2,2,1,1,0,1,0,0,0,2,100.0,28,26:53,0,1,0,0,
14,2022-11-14,14,24-015,COL,,STL,L,0,2,2,-1,0,0,0,0,0,1,1,0,4,0.0,28,29:06,2,1,0,0,
15,2022-11-17,15,24-018,COL,@,CAR,W,0,0,0,0,0,0,0,0,0,0,0,0,1,0.0,31,32:48,2,1,0,0,
16,2022-11-19,16,24-020,COL,@,WSH,W,1,0,1,1,0,0,1,0,1,0,0,0,2,50.0,24,24:43,0,1,0,0,
17,2022-11-21,17,24-022,COL,@,DAL,W,1,0,1,-2,0,0,1,0,0,0,0,0,2,50.0,28,32:17,0,2,0,0,
18,2022-11-23,18,24-024,COL,,VAN,L,1,0,1,-2,4,0,1,0,0,0,0,0,5,20.0,28,27:32,1,2,0,0,
19,2022-11-26,19,24-027,COL,,DAL,W,0,0,0,0,0,0,0,0,0,0,0,0,2,0.0,28,26:21,2,0,0,0,
20,2022-11-29,20,24-030,COL,@,WPG,L,0,0,0,-2,2,0,0,0,0,0,0,0,4,0.0,24,21:55,0,0,0,0,
21,2022-12-01,21,24-032,COL,@,BUF,W,0,2,2,0,0,0,0,0,0,1,1,0,6,0.0,23,30:38,1,0,0,0,
22,2022-12-03,22,24-034,COL,@,BOS,L,0,0,0,-1,0,0,0,0,0,0,0,0,1,0.0,27,26:37,2,2,0,0,
23,2022-12-05,23,24-036,COL,@,PHI,L,0,1,1,-1,2,0,0,0,0,0,1,0,2,0.0,25,28:53,1,0,0,0,
24,2022-12-07,24,24-038,COL,,BOS,L,0,0,0,0,0,0,0,0,0,0,0,0,3,0.0,27,24:59,1,1,0,0,
25,2022-12-09,25,24-040,COL,,NYR,L-SO,0,0,0,1,0,0,0,0,0,0,0,0,8,0.0,32,28:25,2,2,0,0,
26,2022-12-11,26,24-042,COL,@,STL,W,0,1,1,1,4,0,0,0,0,1,0,0,6,0.0,26,26:13,1,1,0,0,
27,2022-12-13,27,24-044,COL,,PHI,W,0,0,0,-1,2,0,0,0,0,0,0,0,2,0.0,28,25:59,0,1,0,0,
28,2022-12-15,28,24-046,COL,,BUF,L,0,1,1,-1,2,0,0,0,0,1,0,0,4,0.0,28,28:45,1,0,0,0,
29,2022-12-17,29,24-048,COL,,NSH,W,1,1,2,1,0,1,0,0,0,0,1,0,7,14.3,25,26:01,3,1,0,0,
30,2022-12-19,30,24-050,COL,,NYI,W,0,0,0,0,0,0,0,0,0,0,0,0,4,0.0,30,31:48,5,3,0,0,
31,2022-12-21,31,24-052,COL,,MTL,W,0,1,1,0,0,0,0,0,0,0,1,0,4,0.0,28,26:58,1,2,0,0,
32,2022-12-23,32,24-054,COL,@,NSH,W,0,0,0,1,0,0,0,0,0,0,0,0,5,0.0,28,30:08,0,3,0,0,
33,2022-12-27,33,24-058,COL,@,ARI,L,1,1,2,-1,0,1,0,0,0,0,1,0,4,25.0,30,25:45,0,0,0,0,
34,2022-12-29,34,24-060,COL,,LAK,L-SO,1,2,3,3,0,1,0,0,0,2,0,0,4,25.0,30,27:51,2,0,0,0,
35,2022-12-31,35,24-062,COL,,TOR,L,0,0,0,-2,0,0,0,0,0,0,0,0,1,0.0,30,25:35,3,0,0,0,
36,2023-01-02,36,24-064,COL,,VEG,L,0,0,0,0,2,0,0,0,0,0,0,0,2,0.0,29,27:54,2,0,0,0,
37,2023-01-05,37,24-067,COL,@,VAN,L,0,1,1,-2,2,0,0,0,0,0,1,0,1,0.0,27,30:17,1,2,0,0,
38,2023-01-07,38,24-069,COL,@,EDM,W,1,1,2,3,0,1,0,0,1,1,0,0,2,50.0,31,33:09,0,0,0,0,
39,2023-01-10,39,24-072,COL,,FLA,L,0,1,1,0,0,0,0,0,0,1,0,0,4,0.0,30,30:39,2,2,0,0,
40,2023-01-12,40,24-074,COL,@,CHI,L,1,0,1,0,0,1,0,0,0,0,0,0,4,25.0,31,27:31,1,1,0,0,
41,2023-01-14,41,24-076,COL,,OTT,W,0,1,1,0,0,0,0,0,0,0,1,0,2,0.0,24,21:50,0,3,0,0,
42,2023-01-16,42,24-078,COL,,DET,W,2,1,3,3,0,1,1,0,0,1,0,0,5,40.0,20,19:39,0,1,0,0,
43,2023-01-26,43,24-088,COL,,ANA,L,0,1,1,-2,0,0,0,0,0,1,0,0,2,0.0,27,26:12,0,1,0,0,
44,2023-01-28,44,24-090,COL,,STL,W,0,1,1,2,0,0,0,0,0,1,0,0,1,0.0,28,26:44,3,1,0,0,
45,2023-02-07,45,24-100,COL,@,PIT,L-OT,0,0,0,-2,0,0,0,0,0,0,0,0,2,0.0,25,24:21,1,1,0,0,
46,2023-02-18,46,24-111,COL,@,STL,W,0,0,0,1,0,0,0,0,0,0,0,0,1,0.0,23,21:27,1,0,0,0,
47,2023-03-04,47,24-125,COL,@,DAL,L,0,0,0,-1,0,0,0,0,0,0,0,0,1,0.0,25,22:27,0,2,0,0,
48,2023-03-05,48,24-126,COL,,SEA,L-OT,0,1,1,1,2,0,0,0,0,1,0,0,2,0.0,29,23:40,1,3,0,0,
49,2023-03-07,49,24-128,COL,,SJS,W,1,3,4,5,0,1,0,0,1,3,0,0,5,20.0,23,22:57,0,1,0,0,
50,2023-03-09,50,24-130,COL,,LAK,L,0,1,1,-3,0,0,0,0,0,0,1,0,2,0.0,29,25:55,0,2,0,0,
51,2023-03-11,51,24-132,COL,,ARI,W,1,0,1,0,0,1,0,0,1,0,0,0,5,20.0,29,26:10,0,1,0,0,
52,2023-03-13,52,24-134,COL,@,MTL,W,0,3,3,2,0,0,0,0,0,0,3,0,0,,25,23:37,0,2,0,0,
53,2023-03-15,53,24-136,COL,@,TOR,W,0,1,1,0,0,0,0,0,0,0,1,0,4,0.0,32,30:34,1,0,0,0,
54,2023-03-16,54,24-137,COL,@,OTT,W,1,1,2,2,0,1,0,0,0,0,1,0,1,100.0,28,27:03,1,1,0,0,
55,2023-03-18,55,24-139,COL,@,DET,W,0,3,3,3,0,0,0,0,0,2,1,0,1,0.0,23,21:45,1,3,0,0,
56,2023-03-24,56,24-145,COL,,ARI,W,1,2,3,1,0,1,0,0,1,0,2,0,2,50.0,27,25:14,0,0,0,0,
57,2023-03-26,57,24-147,COL,@,ARI,W,0,0,0,-1,2,0,0,0,0,0,0,0,3,0.0,28,23:43,1,1,0,0,
58,2023-03-27,58,24-148,COL,@,ANA,W,0,2,2,1,0,0,0,0,0,2,0,0,4,0.0,22,22:14,0,0,0,0,
59,2023-03-29,59,24-150,COL,,MIN,L,0,0,0,-3,0,0,0,0,0,0,0,0,3,0.0,24,24:53,0,1,0,0,
60,2023-04-01,60,24-153,COL,,DAL,W,0,0,0,3,0,0,0,0,0,0,0,0,1,0.0,27,23:18,1,0,0,0,
1,2021-10-13,1,22-348,COL,,CHI,W,0,0,0,-1,0,0,0,0,0,0,0,0,3,0.0,27,22:31,1,1,0,0,
2,2021-10-16,2,22-351,COL,,STL,L,0,1,1,0,0,0,0,0,0,1,0,0,3,0.0,27,26:13,1,1,0,0,
3,2021-10-19,3,22-354,COL,@,WSH,L,0,0,0,-5,0,0,0,0,0,0,0,0,3,0.0,25,22:23,0,2,0,0,
4,2021-10-21,4,22-356,COL,@,FLA,L,0,0,0,-3,2,0,0,0,0,0,0,0,2,0.0,28,24:07,0,0,0,0,
5,2021-10-23,5,22-358,COL,@,TBL,W,0,2,2,1,0,0,0,0,0,1,1,0,1,0.0,34,28:29,3,0,0,0,
6,2021-10-26,6,22-361,COL,,VEG,L,1,0,1,-1,0,1,0,0,0,0,0,0,2,50.0,32,26:07,3,1,0,0,
7,2021-10-28,7,22-363,COL,@,STL,W,1,1,2,-1,0,1,0,0,1,0,1,0,3,33.3,31,25:14,0,0,0,0,
8,2021-10-30,8,23-000,COL,,MIN,W,0,0,0,2,0,0,0,0,0,0,0,0,1,0.0,26,24:59,1,1,0,0,
9,2021-11-11,9,23-012,COL,,VAN,W,0,2,2,1,0,0,0,0,0,1,1,0,0,,26,22:42,0,1,0,0,
10,2021-11-13,10,23-014,COL,,SJS,W,0,0,0,0,0,0,0,0,0,0,0,0,2,0.0,25,21:40,0,0,0,0,
11,2021-11-17,11,23-018,COL,@,VAN,W,1,1,2,0,0,0,1,0,1,0,1,0,4,25.0,27,24:21,2,1,0,0,
12,2021-11-19,12,23-020,COL,@,SEA,W,2,1,3,3,0,2,0,0,0,0,1,0,6,33.3,29,20:09,0,1,0,0,
13,2021-11-22,13,23-023,COL,,OTT,W,2,0,2,2,0,2,0,0,0,0,0,0,9,22.2,27,24:03,2,2,0,0,
14,2021-11-24,14,23-025,COL,,ANA,W,1,0,1,1,0,1,0,0,0,0,0,0,4,25.0,27,21:39,3,2,0,0,
15,2021-11-26,15,23-027,COL,@,DAL,L,1,0,1,1,0,1,0,0,0,0,0,0,4,25.0,27,27:52,2,3,0,0,
16,2021-11-27,16,23-028,COL,,NSH,W,0,3,3,1,0,0,0,0,0,1,2,0,1,0.0,29,23:32,1,2,0,0,
17,2021-12-01,17,23-032,COL,@,TOR,L,0,0,0,-2,0,0,0,0,0,0,0,0,1,0.0,24,24:41,1,0,0,0,
18,2021-12-02,18,23-033,COL,@,MTL,W,1,0,1,2,0,1,0,0,1,0,0,0,2,50.0,27,22:49,0,0,0,0,
19,2021-12-06,19,23-037,COL,@,PHI,W,1,0,1,1,0,0,1,0,0,0,0,0,5,20.0,26,25:42,2,0,0,0,
20,2021-12-08,20,23-039,COL,@,NYR,W,0,1,1,2,0,0,0,0,0,1,0,0,2,0.0,28,22:46,0,3,0,0,
21,2021-12-10,21,23-041,COL,,DET,W,1,1,2,3,2,1,0,0,0,1,0,0,3,33.3,25,22:58,1,3,0,0,
22,2021-12-12,22,23-043,COL,,FLA,W,0,0,0,0,2,0,0,0,0,0,0,0,2,0.0,33,24:12,0,2,0,0,
23,2021-12-14,23,23-045,COL,,NYR,W,1,0,1,-1,0,0,1,0,0,0,0,0,1,100.0,29,27:33,0,2,0,0,
24,2022-01-02,24,23-064,COL,,ANA,W,0,1,1,2,0,0,0,0,0,0,1,0,3,0.0,29,24:43,1,0,0,0,
25,2022-01-04,25,23-066,COL,@,CHI,W,1,0,1,2,0,1,0,0,1,0,0,0,4,25.0,32,28:32,1,1,0,0,
26,2022-01-06,26,23-068,COL,,WPG,W,0,0,0,1,0,0,0,0,0,0,0,0,2,0.0,27,21:22,2,5,0,0,
27,2022-01-08,27,23-070,COL,,TOR,W,1,1,2,3,0,1,0,0,0,1,0,0,4,25.0,28,26:44,0,0,0,0,
28,2022-01-10,28,23-072,COL,,SEA,W,0,1,1,0,0,0,0,0,0,1,0,0,1,0.0,27,23:23,2,1,0,0,
29,2022-01-11,29,23-073,COL,@,NSH,L-OT,1,2,3,2,0,1,0,0,0,1,1,0,5,20.0,26,25:46,0,1,0,0,
30,2022-01-14,30,23-076,COL,,ARI,W,0,1,1,2,0,0,0,0,0,1,0,0,4,0.0,29,27:07,1,2,0,0,
31,2022-01-15,31,23-077,COL,@,ARI,W,0,1,1,1,0,0,0,0,0,0,1,0,2,0.0,26,23:40,3,0,0,0,
32,2022-01-17,32,23-079,COL,,MIN,W,0,1,1,0,0,0,0,0,0,0,1,0,6,0.0,33,28:10,0,2,0,0,
33,2022-01-19,33,23-081,COL,@,ANA,W,0,0,0,1,0,0,0,0,0,0,0,0,3,0.0,30,24:58,1,1,0,0,
34,2022-01-20,34,23-082,COL,@,LAK,W,0,1,1,2,0,0,0,0,0,0,1,0,3,0.0,30,26:27,2,2,0,0,
35,2022-01-22,35,23-084,COL,,MTL,W,0,0,0,-1,0,0,0,0,0,0,0,0,2,0.0,26,26:02,4,3,0,0,
36,2022-01-24,36,23-086,COL,,CHI,W,0,1,1,1,0,0,0,0,0,0,1,0,1,0.0,25,26:56,1,0,0,0,
37,2022-01-26,37,23-088,COL,,BOS,W,1,1,2,2,0,0,1,0,1,1,0,0,4,25.0,35,31:49,1,0,0,0,
38,2022-01-28,38,23-090,COL,@,CHI,W,1,1,2,1,0,1,0,0,0,0,1,0,2,50.0,26,27:32,3,2,0,0,
39,2022-01-30,39,23-092,COL,,BUF,W,0,1,1,0,0,0,0,0,0,0,1,0,3,0.0,27,24:27,1,1,0,0,
40,2022-02-01,40,23-094,COL,,ARI,L-SO,0,0,0,1,0,0,0,0,0,0,0,0,3,0.0,27,27:43,0,2,0,0,
41,2022-02-10,41,23-103,COL,,TBL,W,0,0,0,2,0,0,0,0,0,0,0,0,3,0.0,30,24:16,2,1,0,0,
42,2022-02-13,42,23-106,COL,@,DAL,W,0,2,2,3,2,0,0,0,0,2,0,0,2,0.0,30,24:58,1,1,0,0,
43,2022-02-15,43,23-108,COL,,DAL,L,0,1,1,0,0,0,0,0,0,1,0,0,4,0.0,27,29:23,1,1,0,0,
44,2022-02-16,44,23-109,COL,@,VEG,W,0,2,2,1,0,0,0,0,0,1,1,0,2,0.0,27,26:10,1,0,0,0,
45,2022-02-19,45,23-112,COL,@,BUF,W,0,1,1,0,0,0,0,0,0,1,0,0,2,0.0,24,23:42,1,0,0,0,
46,2022-02-21,46,23-114,COL,@,BOS,L,0,1,1,-2,0,0,0,0,0,0,1,0,3,0.0,27,24:55,0,0,0,0,
47,2022-02-23,47,23-116,COL,@,DET,W,0,2,2,2,0,0,0,0,0,2,0,0,5,0.0,23,23:54,1,1,0,0,
48,2022-02-25,48,23-118,COL,,WPG,W,0,2,2,2,0,0,0,0,0,2,0,0,2,0.0,26,26:11,4,3,0,0,
49,2022-02-26,49,23-119,COL,@,VEG,W,0,1,1,0,0,0,0,0,0,1,0,0,2,0.0,30,27:32,3,1,0,0,
50,2022-03-01,50,23-122,COL,,NYI,W,0,2,2,0,2,0,0,0,0,2,0,0,4,0.0,25,25:59,2,0,0,0,
51,2022-03-03,51,23-124,COL,@,ARI,L,0,1,1,1,0,0,0,0,0,1,0,0,7,0.0,25,25:49,2,0,0,0,
52,2022-03-05,52,23-126,COL,,CGY,L-OT,0,1,1,1,2,0,0,0,0,1,0,0,2,0.0,31,25:02,3,1,0,0,
53,2022-03-07,53,23-128,COL,@,NYI,W,2,1,3,1,0,1,1,0,0,1,0,0,8,25.0,27,25:50,0,2,0,0,
54,2022-03-08,54,23-129,COL,@,NJD,L,1,1,2,-1,0,1,0,0,0,0,1,0,3,33.3,27,25:45,1,4,0,0,
55,2022-03-10,55,23-131,COL,@,CAR,L,0,0,0,-1,0,0,0,0,0,0,0,0,1,0.0,30,28:03,0,2,0,0,
56,2022-03-13,56,23-134,COL,,CGY,W,0,0,0,2,0,0,0,0,0,0,0,0,3,0.0,29,26:13,2,4,0,0,
57,2022-03-15,57,23-136,COL,@,LAK,W,0,1,1,0,0,0,0,0,0,0,1,0,1,0.0,28,24:57,1,1,0,0,
58,2022-03-18,58,23-139,COL,@,SJS,W,1,2,3,1,0,1,0,0,0,1,1,0,3,33.3,30,27:34,1,1,0,0,
59,2022-03-21,59,23-142,COL,,EDM,W,0,2,2,1,2,0,0,0,0,1,1,0,2,0.0,28,30:02,1,4,0,0,
60,2022-03-23,60,23-144,COL,,VAN,L,0,0,0,-1,0,0,0,0,0,0,0,0,3,0.0,30,27:58,0,1,0,0,
61,2022-03-25,61,23-146,COL,,PHI,W,2,0,2,-1,0,1,1,0,0,0,0,0,5,40.0,26,25:31,1,4,0,0,
62,2022-03-27,62,23-148,COL,@,MIN,L-OT,0,0,0,1,2,0,0,0,0,0,0,0,6,0.0,32,28:54,2,1,0,0,
63,2022-03-29,63,23-150,COL,@,CGY,W,0,1,1,0,2,0,0,0,0,0,1,0,2,0.0,30,28:41,0,2,0,0,
64,2022-03-31,64,23-152,COL,,SJS,W,0,1,1,1,2,0,0,0,0,0,1,0,6,0.0,27,26:45,1,2,0,0,
65,2022-04-02,65,23-154,COL,,PIT,W,0,0,0,0,0,0,0,0,0,0,0,0,2,0.0,30,28:19,1,2,0,0,
66,2022-04-05,66,23-157,COL,@,PIT,W,0,0,0,1,0,0,0,0,0,0,0,0,6,0.0,27,28:19,0,1,0,0,
67,2022-04-08,67,23-160,COL,@,WPG,W,1,1,2,2,2,0,1,0,1,1,0,0,3,33.3,28,27:45,0,2,0,0,
68,2022-04-09,68,23-161,COL,@,EDM,W,0,0,0,1,0,0,0,0,0,0,0,0,6,0.0,30,27:52,1,4,0,0,
69,2022-04-13,69,23-165,COL,,LAK,W,1,3,4,2,0,0,1,0,0,2,1,0,5,20.0,22,21:12,0,0,0,0,
70,2022-04-14,70,23-166,COL,,NJD,W,0,1,1,0,2,0,0,0,0,0,1,0,0,,25,24:01,0,2,0,0,
71,2022-04-16,71,23-168,COL,,CAR,W,0,0,0,3,0,0,0,0,0,0,0,0,3,0.0,26,22:24,3,1,0,0,
72,2022-04-18,72,23-170,COL,,WSH,L,0,1,1,0,2,0,0,0,0,1,0,0,3,0.0,28,27:27,3,1,0,0,
73,2022-04-20,73,23-172,COL,@,SEA,L,1,0,1,0,0,1,0,0,0,0,0,0,2,50.0,25,26:27,2,1,0,0,
74,2022-04-22,74,23-174,COL,@,EDM,L,0,1,1,0,0,0,0,0,0,1,0,0,3,0.0,28,30:11,1,4,0,0,
75,2022-04-24,75,23-176,COL,@,WPG,L,0,0,0,-1,0,0,0,0,0,0,0,0,4,0.0,25,22:13,3,2,0,0,
76,2022-04-26,76,23-178,COL,,STL,W,0,0,0,2,0,0,0,0,0,0,0,0,1,0.0,24,24:11,3,2,0,0,
77,2022-04-28,77,23-180,COL,,NSH,L-SO,1,0,1,-1,0,0,1,0,0,0,0,0,5,20.0,32,29:58,1,0,0,0,
1,2021-01-13,1,22-075,COL,,STL,L,0,0,0,0,0,0,0,0,0,0,0,0,2,0.0,27,24:10,0,2,0,0,
2,2021-01-15,2,22-077,COL,,STL,W,0,3,3,1,2,0,0,0,0,0,3,0,3,0.0,25,19:11,3,0,0,0,
3,2021-01-19,3,22-081,COL,@,LAK,W,0,0,0,0,0,0,0,0,0,0,0,0,0,,24,24:34,1,2,0,0,
4,2021-01-21,4,22-083,COL,@,LAK,L,0,1,1,-1,0,0,0,0,0,0,1,0,0,,24,22:53,0,1,0,0,
5,2021-01-22,5,22-084,COL,@,ANA,W,0,1,1,1,0,0,0,0,0,1,0,0,4,0.0,24,23:48,1,0,0,0,
6,2021-01-24,6,22-086,COL,@,ANA,L,0,0,0,1,0,0,0,0,0,0,0,0,2,0.0,23,25:09,3,0,0,0,
7,2021-01-26,7,22-088,COL,,SJS,W,0,3,3,2,0,0,0,0,0,2,1,0,2,0.0,22,20:18,1,1,0,0,
8,2021-01-28,8,22-090,COL,,SJS,W,0,1,1,0,0,0,0,0,0,0,1,0,2,0.0,26,24:05,1,0,0,0,
9,2021-01-30,9,22-092,COL,@,MIN,W,0,1,1,2,0,0,0,0,0,1,0,0,5,0.0,28,25:27,1,0,0,0,
10,2021-01-31,10,22-093,COL,@,MIN,L-OT,1,0,1,2,0,1,0,0,0,0,0,0,3,33.3,30,28:09,0,1,0,0,
11,2021-02-02,11,22-095,COL,,MIN,W,0,1,1,1,0,0,0,0,0,1,0,0,1,0.0,34,26:23,1,0,0,0,
12,2021-02-20,12,22-113,COL,,VEG,W,0,0,0,1,2,0,0,0,0,0,0,0,2,0.0,31,24:10,0,0,0,0,
13,2021-02-22,13,22-115,COL,,VEG,L,0,0,0,-2,0,0,0,0,0,0,0,0,1,0.0,28,25:02,0,1,0,0,
14,2021-02-24,14,22-117,COL,,MIN,L,0,1,1,-2,0,0,0,0,0,0,1,0,1,0.0,28,26:51,1,0,0,0,
15,2021-02-26,15,22-119,COL,@,ARI,W,0,1,1,0,2,0,0,0,0,1,0,0,1,0.0,28,26:54,3,0,0,0,
16,2021-03-18,16,22-139,COL,,MIN,W,0,0,0,1,0,0,0,0,0,0,0,0,6,0.0,22,19:13,1,0,0,0,
17,2021-03-20,17,22-141,COL,,MIN,W,1,1,2,2,0,0,1,0,1,1,0,0,3,33.3,25,21:11,2,2,0,0,
18,2021-03-22,18,22-143,COL,@,ARI,W,0,0,0,1,0,0,0,0,0,0,0,0,1,0.0,22,21:12,1,1,0,0,
19,2021-03-23,19,22-144,COL,@,ARI,L-SO,0,1,1,-3,0,0,0,0,0,0,1,0,2,0.0,29,26:32,2,1,0,0,
20,2021-03-25,20,22-146,COL,,VEG,W,1,1,2,2,0,1,0,0,0,1,0,0,2,50.0,27,22:20,2,1,0,0,
21,2021-03-27,21,22-148,COL,,VEG,L-OT,0,0,0,-1,0,0,0,0,0,0,0,0,2,0.0,31,25:38,0,1,0,0,
22,2021-03-29,22,22-150,COL,,ANA,W,0,3,3,4,0,0,0,0,0,2,1,0,4,0.0,25,21:59,1,1,0,0,
23,2021-03-31,23,22-152,COL,,ARI,W,0,0,0,1,0,0,0,0,0,0,0,0,3,0.0,28,22:25,1,0,0,0,
24,2021-04-02,24,22-154,COL,,STL,W,0,1,1,1,0,0,0,0,0,0,1,0,2,0.0,28,24:35,0,0,0,0,
25,2021-04-03,25,22-155,COL,,STL,W,1,0,1,2,0,1,0,0,1,0,0,0,4,25.0,30,26:43,0,1,0,0,
26,2021-04-05,26,22-157,COL,@,MIN,W,0,1,1,2,0,0,0,0,0,1,0,0,4,0.0,32,24:47,0,1,0,0,
27,2021-04-07,27,22-159,COL,@,MIN,L,0,2,2,-2,0,0,0,0,0,0,2,0,1,0.0,26,25:53,1,0,0,0,
28,2021-04-09,28,22-161,COL,@,ANA,W,0,0,0,0,0,0,0,0,0,0,0,0,1,0.0,25,24:14,1,0,0,0,
29,2021-04-11,29,22-163,COL,@,ANA,W,0,1,1,1,2,0,0,0,0,1,0,0,1,0.0,30,24:47,2,4,0,0,
30,2021-04-12,30,22-164,COL,,ARI,W,0,2,2,1,0,0,0,0,0,1,1,0,1,0.0,28,23:26,1,0,0,0,
31,2021-04-14,31,22-166,COL,@,STL,W,0,1,1,1,0,0,0,0,0,0,1,0,2,0.0,26,25:06,2,1,0,0,
32,2021-04-22,32,22-174,COL,@,STL,W,0,1,1,-1,0,0,0,0,0,0,1,0,2,0.0,25,22:38,0,1,0,0,
33,2021-04-24,33,22-176,COL,@,STL,L,1,2,3,-3,0,0,1,0,0,1,1,0,4,25.0,28,26:28,2,1,0,0,
34,2021-04-26,34,22-178,COL,@,STL,L,0,0,0,-3,0,0,0,0,0,0,0,0,3,0.0,27,25:10,1,1,0,0,
35,2021-04-28,35,22-180,COL,@,VEG,L,0,0,0,-1,0,0,0,0,0,0,0,0,2,0.0,25,25:08,2,0,0,0,
36,2021-04-30,36,22-182,COL,,SJS,W,1,1,2,0,0,0,1,0,0,0,1,0,7,14.3,31,28:57,1,3,0,0,
37,2021-05-01,37,22-183,COL,,SJS,W,0,1,1,0,0,0,0,0,0,1,0,0,0,,29,23:53,2,3,0,0,
38,2021-05-03,38,22-185,COL,@,SJS,W,0,1,1,1,0,0,0,0,0,1,0,0,0,,27,27:16,1,2,0,0,
39,2021-05-05,39,22-187,COL,@,SJS,L,0,0,0,-2,0,0,0,0,0,0,0,0,4,0.0,26,23:29,1,0,0,0,
40,2021-05-07,40,22-189,COL,@,LAK,W,1,1,2,1,2,1,0,0,1,0,1,0,7,14.3,27,23:03,2,1,0,0,
41,2021-05-08,41,22-190,COL,@,LAK,W,1,1,2,2,0,0,1,0,0,1,0,0,4,25.0,30,24:49,1,0,0,0,
42,2021-05-10,42,22-192,COL,@,VEG,W,0,0,0,1,2,0,0,0,0,0,0,0,2,0.0,28,24:11,3,1,0,0,
43,2021-05-12,43,22-194,COL,,LAK,W,0,0,0,1,0,0,0,0,0,0,0,0,0,,21,22:00,0,0,0,0,
44,2021-05-13,44,22-195,COL,,LAK,W,0,1,1,2,0,0,0,0,0,1,0,0,1,0.0,32,25:27,0,1,0,0,
1,2019-10-03,1,20-338,COL,,CGY,W,0,1,1,0,0,0,0,0,0,0,1,0,0,,26,22:23,1,0,0,0,
2,2019-10-05,2,20-340,COL,,MIN,W,0,1,1,0,0,0,0,0,0,0,1,0,0,,23,18:01,1,4,0,0,
3,2019-10-10,3,20-345,COL,,BOS,W,0,1,1,1,0,0,0,0,0,0,1,0,0,,22,17:27,1,1,0,0,
4,2019-10-12,4,20-347,COL,,ARI,W,0,2,2,-1,0,0,0,0,0,1,1,0,3,0.0,26,21:30,1,1,0,0,
5,2019-10-14,5,20-349,COL,@,WSH,W,0,1,1,1,0,0,0,0,0,1,0,0,0,,21,17:02,0,1,0,0,
6,2019-10-16,6,20-351,COL,@,PIT,L-OT,0,0,0,1,0,0,0,0,0,0,0,0,2,0.0,26,23:53,2,1,0,0,
7,2019-10-18,7,20-353,COL,@,FLA,W,0,0,0,-2,0,0,0,0,0,0,0,0,0,,17,14:09,1,1,0,0,
8,2019-10-19,8,20-354,COL,@,TBL,W,0,1,1,0,0,0,0,0,0,1,0,0,2,0.0,19,14:46,0,3,0,0,
9,2019-10-21,9,20-356,COL,@,STL,L,0,1,1,-1,0,0,0,0,0,0,1,0,0,,22,18:22,0,1,0,0,
10,2019-10-25,10,20-360,COL,@,VEG,W,1,0,1,1,0,1,0,0,0,0,0,0,3,33.3,23,17:09,1,1,0,0,
11,2019-10-26,11,20-361,COL,,ANA,L,0,1,1,-1,0,0,0,0,0,0,1,0,6,0.0,26,19:09,2,0,0,0,
12,2019-10-30,12,21-000,COL,,FLA,L-OT,0,0,0,1,0,0,0,0,0,0,0,0,0,,27,20:30,1,0,0,0,
13,2019-11-01,13,21-002,COL,,DAL,L,0,1,1,0,0,0,0,0,0,0,1,0,2,0.0,28,21:48,0,1,0,0,
14,2019-11-02,14,21-003,COL,@,ARI,L,0,0,0,0,0,0,0,0,0,0,0,0,5,0.0,24,19:14,2,1,0,0,
15,2019-11-05,15,21-006,COL,@,DAL,L,0,1,1,0,0,0,0,0,0,1,0,0,2,0.0,22,22:53,0,0,0,0,
16,2019-11-07,16,21-008,COL,,NSH,W,1,2,3,1,0,1,0,0,0,1,1,0,4,25.0,27,19:50,1,1,0,0,
17,2019-11-09,17,21-010,COL,,CBJ,W,2,0,2,1,0,2,0,0,1,0,0,0,7,28.6,25,16:56,0,0,0,0,
18,2019-11-12,18,21-013,COL,@,WPG,W,1,0,1,2,0,1,0,0,1,0,0,0,1,100.0,24,19:56,0,0,0,0,
19,2019-11-14,19,21-015,COL,@,EDM,L,0,0,0,0,0,0,0,0,0,0,0,0,1,0.0,25,22:02,0,0,0,0,
20,2019-11-16,20,21-017,COL,@,VAN,W,0,4,4,3,0,0,0,0,0,3,1,0,0,,27,22:54,0,3,0,0,
21,2019-11-19,21,21-020,COL,@,CGY,W,0,1,1,2,0,0,0,0,0,1,0,0,0,,23,19:01,0,1,0,0,
22,2019-11-21,22,21-022,COL,@,MIN,L,2,0,2,0,0,1,1,0,0,0,0,0,5,40.0,27,24:41,1,2,0,0,
23,2019-11-23,23,21-024,COL,,TOR,L,0,0,0,-2,0,0,0,0,0,0,0,0,2,0.0,26,27:45,1,2,0,0,
24,2019-11-27,24,21-028,COL,,EDM,W,0,0,0,1,0,0,0,0,0,0,0,0,2,0.0,24,24:31,0,3,0,0,
25,2019-11-29,25,21-030,COL,@,CHI,W,1,0,1,2,0,0,1,0,1,0,0,0,2,50.0,27,19:43,1,1,0,0,
26,2019-11-30,26,21-031,COL,,CHI,W,0,0,0,0,0,0,0,0,0,0,0,0,0,,21,18:34,0,0,0,0,
27,2019-12-04,27,21-035,COL,@,TOR,W,0,1,1,-1,0,0,0,0,0,0,1,0,4,0.0,25,23:39,0,0,0,0,
28,2019-12-05,28,21-036,COL,@,MTL,W,0,1,1,1,0,0,0,0,0,1,0,0,5,0.0,25,21:05,1,1,0,0,
29,2019-12-07,29,21-038,COL,@,BOS,W,0,0,0,0,0,0,0,0,0,0,0,0,0,,18,16:01,1,0,0,0,
30,2019-12-27,30,21-058,COL,,MIN,L,0,1,1,-2,0,0,0,0,0,1,0,0,2,0.0,26,23:23,1,0,0,0,
31,2019-12-28,31,21-059,COL,@,DAL,L-SO,0,0,0,1,2,0,0,0,0,0,0,0,3,0.0,27,25:27,0,0,0,0,
32,2019-12-31,32,21-062,COL,,WPG,L,0,0,0,-4,0,0,0,0,0,0,0,0,6,0.0,25,21:22,1,0,0,0,
33,2020-01-02,33,21-064,COL,,STL,W,1,1,2,0,0,0,1,0,1,0,1,0,1,100.0,24,20:14,0,0,0,0,
34,2020-01-04,34,21-066,COL,@,NJD,W,0,1,1,1,0,0,0,0,0,1,0,0,2,0.0,22,20:42,0,0,0,0,
35,2020-01-06,35,21-068,COL,@,NYI,L,0,0,0,0,0,0,0,0,0,0,0,0,1,0.0,24,22:30,0,0,0,0,
36,2020-01-07,36,21-069,COL,@,NYR,L,0,0,0,-3,2,0,0,0,0,0,0,0,4,0.0,25,23:12,0,2,0,0,
37,2020-01-10,37,21-072,COL,,PIT,L-OT,0,1,1,1,0,0,0,0,0,1,0,0,2,0.0,26,21:34,2,0,0,0,
38,2020-01-14,38,21-076,COL,,DAL,L-OT,0,0,0,0,0,0,0,0,0,0,0,0,0,,27,22:07,3,1,0,0,
39,2020-01-16,39,21-078,COL,,SJS,W,1,0,1,1,0,1,0,0,0,0,0,0,4,25.0,23,19:46,1,0,0,0,
40,2020-01-18,40,21-080,COL,,STL,W,1,0,1,-1,2,1,0,0,0,0,0,0,1,100.0,24,18:53,0,0,0,0,
41,2020-01-20,41,21-082,COL,,DET,W,0,2,2,3,0,0,0,0,0,1,1,0,2,0.0,21,21:22,3,2,0,0,
42,2020-02-01,42,21-094,COL,@,PHI,L,0,0,0,-2,0,0,0,0,0,0,0,0,1,0.0,26,22:25,1,1,0,0,
43,2020-02-04,43,21-097,COL,@,BUF,W,0,1,1,3,0,0,0,0,0,1,0,0,1,0.0,23,19:07,0,0,0,0,
44,2020-02-06,44,21-099,COL,@,OTT,W,1,1,2,0,0,0,1,0,0,1,0,0,5,20.0,22,21:18,3,2,0,0,
45,2020-02-08,45,21-101,COL,@,CBJ,W,0,1,1,1,0,0,0,0,0,1,0,0,1,0.0,23,20:54,1,1,0,0,
46,2020-02-09,46,21-102,COL,@,MIN,W,0,1,1,0,0,0,0,0,0,0,1,0,3,0.0,24,21:31,1,0,0,0,
47,2020-02-11,47,21-104,COL,,OTT,W,0,0,0,1,2,0,0,0,0,0,0,0,2,0.0,22,18:26,2,0,0,0,
48,2020-02-13,48,21-106,COL,,WSH,L,0,0,0,0,0,0,0,0,0,0,0,0,3,0.0,21,22:59,1,2,0,0,
49,2020-02-15,49,21-108,COL,,LAK,L,0,0,0,-2,0,0,0,0,0,0,0,0,2,0.0,32,22:13,0,1,0,0,
50,2020-02-17,50,21-110,COL,,TBL,L-OT,0,1,1,-1,0,0,0,0,0,1,0,0,2,0.0,25,25:56,1,1,0,0,
51,2020-02-19,51,21-112,COL,,NYI,W,0,2,2,2,0,0,0,0,0,2,0,0,3,0.0,20,18:50,0,0,0,0,
52,2020-02-21,52,21-114,COL,@,ANA,W,0,0,0,0,0,0,0,0,0,0,0,0,2,0.0,21,23:05,1,0,0,0,
53,2020-02-22,53,21-115,COL,@,LAK,W,0,0,0,1,4,0,0,0,0,0,0,0,2,0.0,29,26:21,3,0,0,0,
54,2020-02-26,54,21-119,COL,,BUF,W,0,0,0,0,0,0,0,0,0,0,0,0,2,0.0,20,22:35,0,0,0,0,
55,2020-02-28,55,21-121,COL,@,CAR,W,0,1,1,1,0,0,0,0,0,1,0,0,1,0.0,25,20:53,0,3,0,0,
56,2020-02-29,56,21-122,COL,@,NSH,W,0,1,1,0,0,0,0,0,0,1,0,0,3,0.0,23,24:28,0,0,0,0,
57,2020-03-11,57,21-133,COL,,NYR,W,0,3,3,1,0,0,0,0,0,1,2,0,2,0.0,25,21:09,1,1,0,0,
1,2019-04-15,1,20-167,COL,,CGY,W,1,0,1,1,0,1,0,0,1,0,0,0,2,50.0,21,14:19,0,2,0,0,
2,2019-04-17,2,20-169,COL,,CGY,W,0,0,0,1,0,0,0,0,0,0,0,0,0,,33,20:06,0,1,0,0,
3,2019-04-19,3,20-171,COL,@,CGY,W,0,1,1,2,0,0,0,0,0,1,0,0,0,,23,19:26,0,3,0,0,
4,2019-04-26,4,20-178,COL,@,SJS,L,0,1,1,0,0,0,0,0,0,1,0,0,2,0.0,23,18:08,0,1,0,0,
5,2019-04-28,5,20-180,COL,@,SJS,W,0,0,0,0,0,0,0,0,0,0,0,0,3,0.0,18,14:57,1,0,0,0,
6,2019-04-30,6,20-182,COL,,SJS,L,0,1,1,0,0,0,0,0,0,1,0,0,1,0.0,25,16:57,1,1,0,0,
7,2019-05-02,7,20-184,COL,,SJS,W,0,1,1,1,0,0,0,0,0,1,0,0,0,,24,15:55,4,1,0,0,
8,2019-05-04,8,20-186,COL,@,SJS,L,0,0,0,-1,0,0,0,0,0,0,0,0,0,,23,18:17,0,1,0,0,
9,2019-05-06,9,20-188,COL,,SJS,W,0,1,1,0,0,0,0,0,0,1,0,0,2,0.0,27,18:07,1,0,0,0,
10,2019-05-08,10,20-190,COL,@,SJS,L,0,0,0,-1,0,0,0,0,0,0,0,0,4,0.0,25,17:30,2,0,0,0,