Rk,Date,G,Age,Tm,,Opp,,G,A,PTS,+/-,PIM,EV,PP,SH,GW,EV,PP,SH,S,S%,SHFT,TOI,HIT,BLK,FOW,FOL,FO%
1,2023-10-12,1,22-151,NJD,,DET,W,2,0,2,1,4,1,1,0,0,0,0,0,4,50.0,26,18:54,0,0,5,8,38.5
2,2023-10-13,2,22-152,NJD,,ARI,L-SO,0,3,3,1,0,0,0,0,0,1,2,0,6,0.0,26,23:59,0,0,6,11,35.3
3,2023-10-16,3,22-155,NJD,,FLA,L,0,1,1,-2,0,0,0,0,0,0,1,0,6,0.0,25,24:32,0,0,2,10,16.7
4,2023-10-20,4,22-159,NJD,@,NYI,W,2,2,4,-2,0,1,1,0,1,0,2,0,6,33.3,28,24:21,1,0,3,9,25.0
5,2023-10-24,5,22-163,NJD,@,MTL,W,0,4,4,2,0,0,0,0,0,2,2,0,2,0.0,24,21:05,1,1,1,10,9.1
6,2023-10-25,6,22-164,NJD,,WSH,L,0,3,3,1,0,0,0,0,0,3,0,0,4,0.0,22,21:18,0,0,4,8,33.3
7,2023-10-27,7,22-166,NJD,,BUF,W,1,0,1,-1,0,0,1,0,0,0,0,0,2,50.0,27,22:05,0,1,10,6,62.5
8,2023-10-29,8,22-168,NJD,,MIN,W,0,0,0,0,0,0,0,0,0,0,0,0,1,0.0,22,18:11,0,1,4,8,33.3
9,2023-11-02,9,22-172,NJD,@,MIN,W,0,2,2,-1,0,0,0,0,0,0,2,0,3,0.0,22,21:57,0,0,7,4,63.6
10,2023-11-03,10,22-173,NJD,@,STL,L,0,0,0,0,0,0,0,0,0,0,0,0,1,0.0,5,3:55,0,0,0,0,
11,2023-11-18,11,22-188,NJD,,NYR,L,1,1,2,-1,0,1,0,0,0,1,0,0,8,12.5,28,22:40,0,0,2,0,100.0
12,2023-11-22,12,22-192,NJD,@,DET,L,0,0,0,-1,0,0,0,0,0,0,0,0,1,0.0,25,22:06,0,1,5,7,41.7
13,2023-11-24,13,22-194,NJD,,CBJ,L,0,0,0,-2,0,0,0,0,0,0,0,0,8,0.0,22,24:11,0,0,3,12,20.0
14,2023-11-25,14,22-195,NJD,,BUF,W,0,1,1,3,0,0,0,0,0,1,0,0,5,0.0,22,20:09,0,2,3,6,33.3
15,2023-11-28,15,22-198,NJD,,NYI,W,1,2,3,2,0,1,0,0,0,1,1,0,9,11.1,22,20:41,1,0,2,9,18.2
16,2023-11-30,16,22-200,NJD,@,PHI,W,1,2,3,2,2,1,0,0,0,1,1,0,9,11.1,26,23:29,0,0,7,4,63.6
17,2023-12-01,17,22-201,NJD,,SJS,L,1,0,1,-2,0,1,0,0,0,0,0,0,6,16.7,26,27:16,1,0,3,7,30.0
18,2023-12-05,18,22-205,NJD,@,VAN,W,1,2,3,1,0,1,0,0,0,1,1,0,6,16.7,24,18:32,0,0,1,2,33.3
19,2023-12-07,19,22-207,NJD,@,SEA,W,0,0,0,-1,0,0,0,0,0,0,0,0,4,0.0,22,19:02,0,2,0,2,0.0
20,2023-12-09,20,22-209,NJD,@,CGY,W,0,0,0,0,0,0,0,0,0,0,0,0,7,0.0,20,19:37,0,0,0,1,0.0
21,2023-12-10,21,22-210,NJD,@,EDM,L,0,0,0,-1,0,0,0,0,0,0,0,0,5,0.0,22,21:44,0,1,4,8,33.3
22,2023-12-13,22,22-213,NJD,,BOS,W,1,0,1,1,0,1,0,0,1,0,0,0,4,25.0,24,21:11,1,0,8,8,50.0
23,2023-12-16,23,22-216,NJD,@,CBJ,W,3,0,3,2,0,2,1,0,1,0,0,0,3,100.0,18,15:44,0,2,2,8,20.0
24,2023-12-17,24,22-217,NJD,,ANA,L,0,0,0,-2,4,0,0,0,0,0,0,0,4,0.0,24,22:23,0,0,1,5,16.7
25,2023-12-19,25,22-219,NJD,,PHI,L-OT,0,1,1,-2,0,0,0,0,0,0,1,0,1,0.0,27,22:16,0,1,4,3,57.1
26,2023-12-21,26,22-221,NJD,,EDM,L,0,0,0,-1,0,0,0,0,0,0,0,0,3,0.0,21,18:31,0,1,6,5,54.5
27,2023-12-23,27,22-223,NJD,,DET,W,0,1,1,-1,0,0,0,0,0,1,0,0,2,0.0,18,18:42,1,0,3,4,42.9
28,2023-12-27,28,22-227,NJD,,CBJ,W,0,1,1,0,0,0,0,0,0,1,0,0,8,0.0,23,22:40,0,0,6,6,50.0
29,2023-12-29,29,22-229,NJD,@,OTT,W,1,2,3,0,0,0,1,0,0,1,1,0,3,33.3,21,16:17,1,1,3,8,27.3
30,2023-12-30,30,22-230,NJD,@,BOS,L,0,1,1,0,0,0,0,0,0,0,1,0,4,0.0,21,19:22,0,0,4,5,44.4
31,2024-01-03,31,22-234,NJD,@,WSH,W,0,1,1,0,0,0,0,0,0,0,1,0,1,0.0,22,18:07,0,0,5,9,35.7
32,2024-01-05,32,22-236,NJD,,CHI,W,0,0,0,-1,0,0,0,0,0,0,0,0,2,0.0,19,21:24,1,0,4,6,40.0
33,2024-02-08,33,22-270,NJD,,CGY,L,0,0,0,-3,0,0,0,0,0,0,0,0,4,0.0,20,20:24,0,0,0,0,
34,2024-02-10,34,22-272,NJD,@,CAR,L-OT,0,0,0,0,0,0,0,0,0,0,0,0,7,0.0,26,21:37,0,0,0,0,
35,2024-02-12,35,22-274,NJD,,SEA,W,1,1,2,1,0,1,0,0,1,0,1,0,7,14.3,19,16:58,0,0,0,0,
36,2024-02-13,36,22-275,NJD,@,NSH,W,1,0,1,1,0,1,0,0,0,0,0,0,6,16.7,23,19:19,0,1,0,0,
37,2024-02-15,37,22-277,NJD,,LAK,L,0,1,1,-1,2,0,0,0,0,0,1,0,6,0.0,22,21:21,0,0,0,0,
38,2024-02-17,38,22-279,NJD,,PHI,W,0,1,1,0,0,0,0,0,0,1,0,0,5,0.0,26,21:05,0,1,0,0,
39,2024-02-20,39,22-282,NJD,@,WSH,L,0,0,0,-1,0,0,0,0,0,0,0,0,7,0.0,21,21:44,0,1,0,0,
40,2024-02-22,40,22-284,NJD,,NYR,L,1,0,1,1,0,1,0,0,0,0,0,0,10,10.0,24,24:00,0,1,0,0,
41,2024-02-24,41,22-286,NJD,,MTL,W,0,0,0,1,0,0,0,0,0,0,0,0,4,0.0,24,22:39,0,1,0,0,
42,2024-02-25,42,22-287,NJD,,TBL,L,0,1,1,-4,0,0,0,0,0,0,1,0,1,0.0,20,20:02,0,1,0,0,
43,2024-02-27,43,22-289,NJD,@,SJS,W,1,2,3,3,0,1,0,0,0,2,0,0,11,9.1,24,23:06,0,1,0,0,
44,2024-03-01,44,22-292,NJD,@,ANA,L,1,1,2,0,0,0,1,0,0,1,0,0,9,11.1,29,26:42,0,1,0,0,
45,2024-03-03,45,22-294,NJD,@,LAK,L,0,0,0,-3,0,0,0,0,0,0,0,0,3,0.0,24,23:35,1,0,0,0,
46,2024-03-05,46,22-296,NJD,,FLA,L,1,1,2,-2,0,0,1,0,0,1,0,0,3,33.3,24,20:25,0,0,0,0,
47,2024-03-07,47,22-298,NJD,,STL,W,0,1,1,-1,0,0,0,0,0,0,1,0,2,0.0,21,16:21,0,0,0,0,
48,2024-03-09,48,22-300,NJD,,CAR,L,0,1,1,0,0,0,0,0,0,1,0,0,5,0.0,27,22:48,0,0,0,0,
49,2024-03-11,49,22-302,NJD,@,NYR,L,0,1,1,-1,0,0,0,0,0,1,0,0,1,0.0,25,23:47,0,0,0,0,
50,2024-03-14,50,22-305,NJD,@,DAL,W,0,0,0,1,0,0,0,0,0,0,0,0,0,,23,18:53,0,0,0,0,
51,2024-03-16,51,22-307,NJD,@,ARI,L,0,1,1,-1,0,0,0,0,0,1,0,0,1,0.0,24,21:30,0,0,0,0,
52,2024-03-17,52,22-308,NJD,@,VEG,L,0,0,0,-2,0,0,0,0,0,0,0,0,3,0.0,24,21:31,0,0,0,0,
53,2024-03-19,53,22-310,NJD,,PIT,W,0,2,2,1,0,0,0,0,0,1,1,0,4,0.0,23,19:15,0,0,0,0,
54,2024-03-21,54,22-312,NJD,,WPG,W,2,0,2,0,0,0,2,0,0,0,0,0,10,20.0,19,20:36,0,0,0,0,
55,2024-03-23,55,22-314,NJD,,OTT,L,0,0,0,0,0,0,0,0,0,0,0,0,3,0.0,22,20:56,1,0,0,0,
56,2024-03-24,56,22-315,NJD,@,NYI,W,1,1,2,2,0,1,0,0,0,0,1,0,3,33.3,23,20:41,0,0,0,0,
57,2024-03-26,57,22-317,NJD,@,TOR,W,2,0,2,2,0,2,0,0,0,0,0,0,4,50.0,22,19:59,0,0,0,0,
58,2024-03-29,58,22-320,NJD,@,BUF,L,0,0,0,-3,0,0,0,0,0,0,0,0,5,0.0,18,25:31,0,0,0,0,
59,2024-04-02,59,22-324,NJD,,PIT,L,0,0,0,-2,0,0,0,0,0,0,0,0,4,0.0,23,21:39,0,0,0,0,
60,2024-04-03,60,22-325,NJD,@,NYR,L,0,1,1,0,0,0,0,0,0,1,0,0,3,0.0,26,24:47,0,1,0,0,
61,2024-04-06,61,22-328,NJD,@,OTT,W,0,1,1,3,0,0,0,0,0,1,0,0,2,0.0,28,20:29,0,1,0,0,
62,2024-04-07,62,22-329,NJD,,NSH,L-SO,1,0,1,1,0,1,0,0,0,0,0,0,3,33.3,32,22:22,0,0,0,0,
1,2022-10-13,1,21-152,NJD,@,PHI,L,0,0,0,-2,0,0,0,0,0,0,0,0,1,0.0,23,22:54,0,0,4,8,33.3
2,2022-10-15,2,21-154,NJD,,DET,L,0,0,0,-1,0,0,0,0,0,0,0,0,7,0.0,24,23:27,1,0,5,8,38.5
3,2022-10-18,3,21-157,NJD,,ANA,W,0,2,2,2,0,0,0,0,0,2,0,0,4,0.0,23,20:25,0,1,3,4,42.9
4,2022-10-20,4,21-159,NJD,@,NYI,W,1,0,1,1,0,1,0,0,0,0,0,0,7,14.3,23,19:29,0,0,2,4,33.3
5,2022-10-22,5,21-161,NJD,,SJS,W,0,0,0,1,0,0,0,0,0,0,0,0,4,0.0,24,21:03,0,0,3,5,37.5
6,2022-10-24,6,21-163,NJD,,WSH,L,0,0,0,-3,0,0,0,0,0,0,0,0,5,0.0,22,17:30,0,0,1,4,20.0
7,2022-10-25,7,21-164,NJD,@,DET,W,1,1,2,1,0,1,0,0,0,0,1,0,3,33.3,21,16:03,0,0,1,1,50.0
8,2022-10-28,8,21-167,NJD,,COL,W,1,0,1,0,0,0,1,0,1,0,0,0,1,100.0,19,17:46,0,1,0,1,0.0
9,2022-10-30,9,21-169,NJD,,CBJ,W,0,2,2,2,0,0,0,0,0,2,0,0,4,0.0,20,17:56,0,1,2,1,66.7
10,2022-11-01,10,21-171,NJD,@,VAN,W,1,1,2,1,0,1,0,0,0,0,1,0,8,12.5,18,16:35,1,0,0,2,0.0
11,2022-11-03,11,21-173,NJD,@,EDM,W,0,0,0,-1,0,0,0,0,0,0,0,0,2,0.0,21,19:15,0,0,1,6,14.3
12,2022-11-05,12,21-175,NJD,@,CGY,W,0,2,2,1,0,0,0,0,0,1,1,0,7,0.0,24,22:09,0,0,2,4,33.3
13,2022-11-08,13,21-178,NJD,,CGY,W,0,0,0,0,0,0,0,0,0,0,0,0,1,0.0,19,17:03,0,0,3,4,42.9
14,2022-11-10,14,21-180,NJD,,OTT,W,0,2,2,0,2,0,0,0,0,1,1,0,4,0.0,24,21:10,0,0,2,1,66.7
15,2022-11-12,15,21-182,NJD,,ARI,W,1,0,1,1,0,1,0,0,0,0,0,0,5,20.0,24,19:22,0,0,5,5,50.0
16,2022-11-15,16,21-185,NJD,@,MTL,W,2,1,3,2,0,1,1,0,0,1,0,0,7,28.6,23,16:41,0,0,0,6,0.0
17,2022-11-17,17,21-187,NJD,@,TOR,W,0,1,1,2,0,0,0,0,0,1,0,0,6,0.0,22,18:25,0,0,0,4,0.0
18,2022-11-19,18,21-189,NJD,@,OTT,W,0,0,0,0,0,0,0,0,0,0,0,0,1,0.0,21,18:44,1,0,0,2,0.0
19,2022-11-21,19,21-191,NJD,,EDM,W,0,2,2,0,0,0,0,0,0,1,1,0,2,0.0,19,18:12,1,0,1,1,50.0
20,2022-11-23,20,21-193,NJD,,TOR,L,0,0,0,0,0,0,0,0,0,0,0,0,4,0.0,21,21:20,0,0,2,3,40.0
21,2022-11-25,21,21-195,NJD,@,BUF,W,1,0,1,0,0,1,0,0,0,0,0,0,5,20.0,21,16:47,0,0,1,0,100.0
22,2022-11-26,22,21-196,NJD,,WSH,W,3,0,3,3,0,3,0,0,1,0,0,0,4,75.0,22,17:02,0,1,0,2,0.0
23,2022-11-28,23,21-198,NJD,@,NYR,W,1,0,1,0,0,1,0,0,0,0,0,0,8,12.5,19,17:52,0,0,1,0,100.0
24,2022-12-01,24,21-201,NJD,,NSH,L-OT,0,2,2,0,0,0,0,0,0,1,1,0,1,0.0,21,18:20,0,1,0,1,0.0
25,2022-12-03,25,21-203,NJD,@,PHI,W,1,0,1,1,0,1,0,0,1,0,0,0,2,50.0,23,19:41,0,0,1,2,33.3
26,2022-12-06,26,21-206,NJD,,CHI,W,0,2,2,1,0,0,0,0,0,1,1,0,1,0.0,20,17:33,0,0,0,0,
27,2022-12-09,27,21-209,NJD,,NYI,L,1,1,2,-1,0,1,0,0,0,1,0,0,2,50.0,25,26:13,0,2,1,5,16.7
28,2022-12-12,28,21-212,NJD,@,NYR,L-OT,1,0,1,0,0,1,0,0,0,0,0,0,7,14.3,25,22:01,0,0,1,1,50.0
29,2022-12-13,29,21-213,NJD,,DAL,L,0,0,0,-1,0,0,0,0,0,0,0,0,2,0.0,21,20:21,0,0,1,3,25.0
30,2022-12-15,30,21-215,NJD,,PHI,L,1,0,1,0,0,0,1,0,0,0,0,0,8,12.5,19,20:00,0,0,1,5,16.7
31,2022-12-17,31,21-217,NJD,,FLA,L,0,1,1,0,0,0,0,0,0,1,0,0,2,0.0,20,25:29,0,1,0,1,0.0
32,2022-12-20,32,21-220,NJD,@,CAR,L,1,0,1,0,0,1,0,0,0,0,0,0,7,14.3,21,21:43,0,0,0,0,
33,2022-12-21,33,21-221,NJD,@,FLA,W,0,1,1,1,0,0,0,0,0,0,1,0,4,0.0,26,24:06,0,0,1,3,25.0
34,2022-12-23,34,21-223,NJD,,BOS,L,1,0,1,0,0,0,1,0,0,0,0,0,5,20.0,25,19:17,0,0,2,1,66.7
35,2022-12-28,35,21-228,NJD,,BOS,L,0,0,0,-1,0,0,0,0,0,0,0,0,6,0.0,26,21:12,0,0,0,1,0.0
36,2022-12-30,36,21-230,NJD,@,PIT,W,2,0,2,1,0,1,1,0,0,0,0,0,6,33.3,23,20:22,1,0,3,1,75.0
37,2023-01-01,37,21-232,NJD,,CAR,L-SO,1,0,1,0,0,1,0,0,0,0,0,0,6,16.7,28,22:22,0,0,0,3,0.0
38,2023-01-04,38,21-235,NJD,@,DET,W,1,1,2,1,0,1,0,0,0,0,1,0,6,16.7,21,18:51,0,0,0,0,
39,2023-01-05,39,21-236,NJD,,STL,L,2,0,2,0,0,2,0,0,0,0,0,0,9,22.2,23,23:50,0,0,0,0,
40,2023-01-07,40,21-238,NJD,,NYR,W,2,1,3,2,0,2,0,0,0,0,1,0,10,20.0,27,22:58,2,0,1,5,16.7
41,2023-01-10,41,21-241,NJD,@,CAR,W,0,0,0,0,0,0,0,0,0,0,0,0,3,0.0,21,19:08,0,0,0,1,0.0
42,2023-01-13,42,21-244,NJD,@,ANA,W,2,1,3,1,0,1,1,0,1,1,0,0,3,66.7,20,14:45,0,0,1,1,50.0
43,2023-01-14,43,21-245,NJD,@,LAK,W,0,2,2,1,0,0,0,0,0,1,1,0,2,0.0,22,19:20,1,0,3,7,30.0
44,2023-01-16,44,21-247,NJD,@,SJS,W,1,0,1,0,2,1,0,0,0,0,0,0,7,14.3,29,25:47,1,1,2,4,33.3
45,2023-01-19,45,21-250,NJD,@,SEA,L-OT,0,1,1,-2,0,0,0,0,0,1,0,0,5,0.0,24,22:13,1,1,3,3,50.0
46,2023-01-22,46,21-253,NJD,,PIT,W,1,1,2,0,0,1,0,0,0,0,1,0,3,33.3,26,21:43,0,0,2,4,33.3
47,2023-01-24,47,21-255,NJD,,VEG,W,0,2,2,0,0,0,0,0,0,1,1,0,4,0.0,24,22:14,0,0,2,2,50.0
48,2023-01-26,48,21-257,NJD,@,NSH,L,1,1,2,0,0,1,0,0,0,1,0,0,5,20.0,24,20:26,1,1,8,8,50.0
49,2023-01-27,49,21-258,NJD,@,DAL,W,2,0,2,2,0,2,0,0,1,0,0,0,4,50.0,23,19:31,0,2,3,8,27.3
50,2023-02-06,50,21-268,NJD,,VAN,W,2,1,3,-1,0,2,0,0,0,0,1,0,9,22.2,23,21:44,0,0,0,5,0.0
51,2023-02-18,51,21-280,NJD,@,PIT,W,0,2,2,0,0,0,0,0,0,1,1,0,3,0.0,21,17:30,0,0,3,6,33.3
52,2023-02-19,52,21-281,NJD,,WPG,W,0,0,0,-1,0,0,0,0,0,0,0,0,5,0.0,19,19:08,0,0,4,5,44.4
53,2023-02-21,53,21-283,NJD,,MTL,L,0,2,2,-2,0,0,0,0,0,1,1,0,4,0.0,23,20:30,0,0,4,5,44.4
54,2023-02-23,54,21-285,NJD,,LAK,W,0,1,1,0,0,0,0,0,0,1,0,0,5,0.0,25,22:50,0,0,5,4,55.6
55,2023-02-25,55,21-287,NJD,,PHI,W,1,1,2,2,0,1,0,0,0,1,0,0,4,25.0,17,16:43,0,1,2,5,28.6
56,2023-03-01,56,21-291,NJD,@,COL,W,0,0,0,-1,0,0,0,0,0,0,0,0,1,0.0,22,15:57,0,1,3,5,37.5
57,2023-03-03,57,21-293,NJD,@,VEG,L-SO,0,1,1,-2,0,0,0,0,0,0,1,0,6,0.0,26,21:52,0,0,6,5,54.5
58,2023-03-05,58,21-295,NJD,@,ARI,W,0,1,1,-1,0,0,0,0,0,1,0,0,3,0.0,22,18:02,0,2,3,5,37.5
59,2023-03-07,59,21-297,NJD,,TOR,L,0,0,0,-2,0,0,0,0,0,0,0,0,6,0.0,23,22:53,0,1,3,9,25.0
60,2023-03-09,60,21-299,NJD,@,WSH,W,0,0,0,0,0,0,0,0,0,0,0,0,5,0.0,24,22:56,0,0,6,8,42.9
61,2023-03-11,61,21-301,NJD,@,MTL,W,0,0,0,0,0,0,0,0,0,0,0,0,0,,19,18:48,0,1,3,9,25.0
62,2023-03-12,62,21-302,NJD,,CAR,W,1,2,3,3,0,1,0,0,1,2,0,0,4,25.0,20,16:46,0,1,2,5,28.6
63,2023-03-14,63,21-304,NJD,,TBL,L,0,1,1,-2,0,0,0,0,0,1,0,0,2,0.0,20,19:00,0,0,7,4,63.6
64,2023-03-16,64,21-306,NJD,,TBL,L-SO,0,1,1,0,0,0,0,0,0,0,1,0,6,0.0,27,24:38,0,2,3,9,25.0
65,2023-03-18,65,21-308,NJD,@,FLA,L,0,0,0,-1,0,0,0,0,0,0,0,0,4,0.0,20,19:25,0,0,1,6,14.3
66,2023-03-19,66,21-309,NJD,@,TBL,W,0,0,0,0,0,0,0,0,0,0,0,0,3,0.0,18,16:02,0,0,1,0,100.0
67,2023-03-21,67,21-311,NJD,,MIN,L-OT,0,0,0,-1,0,0,0,0,0,0,0,0,10,0.0,24,23:32,0,0,0,1,0.0
68,2023-03-24,68,21-314,NJD,@,BUF,L,2,1,3,-1,0,1,1,0,0,1,0,0,4,50.0,22,20:08,0,0,0,5,0.0
69,2023-03-25,69,21-315,NJD,,OTT,W,1,1,2,2,0,0,1,0,0,1,0,0,6,16.7,25,19:11,0,2,5,10,33.3
70,2023-03-27,70,21-317,NJD,@,NYI,L,0,0,0,-3,2,0,0,0,0,0,0,0,4,0.0,24,22:01,0,5,2,2,50.0
71,2023-03-30,71,21-320,NJD,,NYR,W,0,1,1,0,0,0,0,0,0,0,1,0,3,0.0,18,17:25,0,0,1,5,16.7
72,2023-04-01,72,21-322,NJD,@,CHI,W,0,2,2,2,0,0,0,0,0,2,0,0,2,0.0,22,17:42,0,0,5,4,55.6
73,2023-04-02,73,21-323,NJD,@,WPG,L,0,1,1,0,0,0,0,0,0,0,1,0,2,0.0,21,20:37,0,1,2,6,25.0
74,2023-04-04,74,21-325,NJD,,PIT,W,0,1,1,1,0,0,0,0,0,0,1,0,4,0.0,20,17:07,0,0,5,1,83.3
75,2023-04-06,75,21-327,NJD,,CBJ,W,2,2,4,1,0,1,1,0,0,1,1,0,3,66.7,18,14:26,0,0,3,3,50.0
76,2023-04-08,76,21-329,NJD,@,BOS,L,0,1,1,0,0,0,0,0,0,1,0,0,1,0.0,27,22:56,0,0,2,12,14.3
77,2023-04-11,77,21-332,NJD,,BUF,W,1,0,1,1,0,1,0,0,0,0,0,0,2,50.0,23,19:58,0,0,7,6,53.8
78,2023-04-13,78,21-334,NJD,@,WSH,W,0,2,2,0,0,0,0,0,0,2,0,0,5,0.0,23,20:58,1,0,1,4,20.0
1,2021-10-15,1,20-154,NJD,,CHI,W,2,0,2,1,0,2,0,0,1,0,0,0,3,66.7,22,18:31,0,0,4,7,36.4
2,2021-10-19,2,20-158,NJD,,SEA,W,0,1,1,1,0,0,0,0,0,1,0,0,1,0.0,10,7:42,0,0,2,1,66.7
3,2021-11-30,3,20-200,NJD,,SJS,L,0,0,0,0,0,0,0,0,0,0,0,0,1,0.0,21,17:31,0,1,0,0,
4,2021-12-02,4,20-202,NJD,@,MIN,L,0,0,0,0,0,0,0,0,0,0,0,0,1,0.0,20,17:46,0,0,0,0,
5,2021-12-03,5,20-203,NJD,@,WPG,L,1,0,1,-2,0,1,0,0,0,0,0,0,1,100.0,18,14:44,0,1,0,3,0.0
6,2021-12-06,6,20-206,NJD,,OTT,L-SO,0,0,0,0,0,0,0,0,0,0,0,0,2,0.0,21,17:48,0,0,1,6,14.3
7,2021-12-08,7,20-208,NJD,,PHI,W,0,1,1,1,0,0,0,0,0,1,0,0,1,0.0,23,18:12,0,0,1,9,10.0
8,2021-12-10,8,20-210,NJD,,NSH,L,0,1,1,1,0,0,0,0,0,1,0,0,3,0.0,23,20:51,1,0,6,5,54.5
9,2021-12-11,9,20-211,NJD,@,NYI,L,1,0,1,-1,0,1,0,0,0,0,0,0,3,33.3,26,25:17,0,0,1,4,20.0
10,2021-12-14,10,20-214,NJD,@,PHI,L,0,0,0,-4,0,0,0,0,0,0,0,0,2,0.0,19,17:05,0,1,0,1,0.0
11,2021-12-16,11,20-216,NJD,,VEG,L,1,0,1,-1,0,1,0,0,0,0,0,0,4,25.0,22,18:38,0,0,4,2,66.7
12,2021-12-18,12,20-218,NJD,@,DET,L,0,0,0,-4,0,0,0,0,0,0,0,0,4,0.0,24,20:45,0,1,0,2,0.0
13,2021-12-19,13,20-219,NJD,,PIT,L,0,0,0,-1,0,0,0,0,0,0,0,0,1,0.0,21,18:32,0,0,0,5,0.0
14,2021-12-29,14,20-229,NJD,@,BUF,W,1,2,3,3,0,1,0,0,0,1,1,0,6,16.7,21,17:52,0,0,1,3,25.0
15,2021-12-31,15,20-231,NJD,,EDM,W,2,1,3,0,0,1,1,0,1,1,0,0,7,28.6,27,19:40,0,2,3,10,23.1
16,2022-01-02,16,20-233,NJD,@,WSH,W,0,2,2,2,0,0,0,0,0,2,0,0,1,0.0,24,20:17,0,0,5,10,33.3
17,2022-01-04,17,20-235,NJD,@,BOS,L,0,1,1,0,0,0,0,0,0,1,0,0,4,0.0,27,20:10,1,1,8,12,40.0
18,2022-01-06,18,20-237,NJD,,CBJ,W,1,2,3,2,0,1,0,0,0,1,1,0,3,33.3,24,19:00,0,1,6,6,50.0
19,2022-01-08,19,20-239,NJD,@,CBJ,L,0,0,0,-1,0,0,0,0,0,0,0,0,5,0.0,27,25:43,0,0,3,9,25.0
20,2022-01-13,20,20-244,NJD,@,NYI,L,0,0,0,-1,0,0,0,0,0,0,0,0,5,0.0,25,20:36,0,1,1,4,20.0
21,2022-01-19,21,20-250,NJD,,ARI,L,0,1,1,-1,0,0,0,0,0,0,1,0,3,0.0,24,21:04,0,0,5,11,31.3
22,2022-01-22,22,20-253,NJD,,CAR,W,1,0,1,-2,0,0,1,0,0,0,0,0,5,20.0,20,15:32,0,0,2,10,16.7
23,2022-01-23,23,20-254,NJD,,LAK,L,0,1,1,-2,0,0,0,0,0,0,1,0,3,0.0,20,18:09,0,0,2,4,33.3
24,2022-01-25,24,20-256,NJD,,DAL,L,0,1,1,-1,0,0,0,0,0,0,1,0,7,0.0,21,19:54,0,0,3,12,20.0
25,2022-01-27,25,20-258,NJD,@,TBL,L,1,0,1,-1,0,1,0,0,0,0,0,0,5,20.0,23,20:48,0,0,2,5,28.6
26,2022-01-29,26,20-260,NJD,@,CAR,L,0,0,0,0,0,0,0,0,0,0,0,0,1,0.0,24,19:52,0,0,3,5,37.5
27,2022-01-31,27,20-262,NJD,@,TOR,L,0,1,1,-1,0,0,0,0,0,1,0,0,4,0.0,22,20:22,0,1,2,5,28.6
28,2022-02-01,28,20-263,NJD,,TOR,L,1,0,1,0,0,1,0,0,0,0,0,0,3,33.3,20,18:51,0,0,2,5,28.6
29,2022-02-13,29,20-275,NJD,,PIT,L,1,0,1,-1,0,1,0,0,0,0,0,0,5,20.0,21,19:46,1,2,1,3,25.0
30,2022-02-15,30,20-277,NJD,,TBL,L,1,1,2,0,0,1,0,0,0,1,0,0,4,25.0,23,20:35,0,0,1,6,14.3
31,2022-02-24,31,20-286,NJD,@,PIT,W,0,3,3,2,0,0,0,0,0,1,2,0,2,0.0,20,16:43,0,0,1,3,25.0
32,2022-02-25,32,20-287,NJD,@,CHI,L,1,2,3,0,0,1,0,0,0,2,0,0,5,20.0,22,19:23,1,0,8,2,80.0
33,2022-02-28,33,20-290,NJD,,VAN,W,1,1,2,1,0,1,0,0,0,1,0,0,2,50.0,19,17:08,0,0,1,2,33.3
34,2022-03-01,34,20-291,NJD,@,CBJ,L,1,0,1,-1,0,0,1,0,0,0,0,0,5,20.0,27,22:56,0,0,1,3,25.0
35,2022-03-04,35,20-294,NJD,@,NYR,L,0,0,0,-1,0,0,0,0,0,0,0,0,1,0.0,24,20:47,0,0,1,5,16.7
36,2022-03-06,36,20-296,NJD,,STL,W,0,2,2,1,0,0,0,0,0,2,0,0,2,0.0,24,22:44,0,0,2,5,28.6
37,2022-03-08,37,20-298,NJD,,COL,W,0,2,2,1,0,0,0,0,0,1,1,0,6,0.0,24,20:48,0,0,3,2,60.0
38,2022-03-10,38,20-300,NJD,,WPG,L,1,0,1,0,0,0,1,0,0,0,0,0,5,20.0,21,21:45,0,0,0,0,
39,2022-03-12,39,20-302,NJD,,ANA,W,0,0,0,-1,0,0,0,0,0,0,0,0,6,0.0,25,23:02,1,0,0,3,0.0
40,2022-03-15,40,20-305,NJD,@,VAN,L,1,1,2,0,0,1,0,0,0,1,0,0,5,20.0,25,20:46,1,0,7,7,50.0
41,2022-03-16,41,20-306,NJD,@,CGY,L,0,1,1,-3,0,0,0,0,0,1,0,0,3,0.0,25,20:17,0,1,2,3,40.0
42,2022-03-19,42,20-309,NJD,@,EDM,L,0,0,0,-3,0,0,0,0,0,0,0,0,3,0.0,23,20:53,0,0,4,5,44.4
43,2022-03-22,43,20-312,NJD,,NYR,W,2,0,2,1,0,1,1,0,0,0,0,0,4,50.0,22,20:15,0,0,5,2,71.4
44,2022-03-23,44,20-313,NJD,@,TOR,L,0,1,1,0,0,0,0,0,0,1,0,0,5,0.0,23,22:05,0,0,5,3,62.5
45,2022-03-26,45,20-316,NJD,@,WSH,L,1,1,2,1,0,1,0,0,0,1,0,0,3,33.3,23,23:33,0,1,3,5,37.5
46,2022-03-27,46,20-317,NJD,,MTL,W,2,0,2,1,0,1,1,0,0,0,0,0,7,28.6,23,24:50,0,0,1,4,20.0
47,2022-03-31,47,20-321,NJD,@,BOS,L,1,0,1,-1,0,1,0,0,0,0,0,0,1,100.0,21,17:40,0,0,3,6,33.3
48,2022-04-02,48,20-323,NJD,,FLA,L-OT,1,0,1,0,0,1,0,0,0,0,0,0,1,100.0,22,21:22,0,1,4,5,44.4
49,2022-04-03,49,20-324,NJD,,NYI,L,0,0,0,-1,0,0,0,0,0,0,0,0,1,0.0,12,10:14,0,0,2,1,66.7
1,2021-01-14,1,19-245,NJD,,BOS,L-SO,0,2,2,2,0,0,0,0,0,2,0,0,3,0.0,27,21:50,1,1,5,4,55.6
2,2021-01-16,2,19-247,NJD,,BOS,W,0,1,1,0,0,0,0,0,0,1,0,0,2,0.0,30,22:38,1,0,3,11,21.4
3,2021-01-19,3,19-250,NJD,@,NYR,W,2,1,3,1,0,2,0,0,0,0,1,0,2,100.0,22,15:22,1,0,3,7,30.0
4,2021-01-21,4,19-252,NJD,@,NYI,L,0,0,0,0,0,0,0,0,0,0,0,0,0,,25,17:16,0,1,3,8,27.3
5,2021-01-24,5,19-255,NJD,,NYI,W,1,0,1,0,0,0,1,0,1,0,0,0,1,100.0,23,16:25,0,1,7,7,50.0
6,2021-01-26,6,19-257,NJD,,PHI,L,0,0,0,-2,0,0,0,0,0,0,0,0,3,0.0,24,20:14,0,0,7,9,43.8
7,2021-01-28,7,19-259,NJD,,PHI,L,0,0,0,0,0,0,0,0,0,0,0,0,2,0.0,24,23:04,0,0,3,8,27.3
8,2021-01-30,8,19-261,NJD,@,BUF,L-SO,0,1,1,1,0,0,0,0,0,1,0,0,3,0.0,25,23:49,2,0,3,11,21.4
9,2021-01-31,9,19-262,NJD,@,BUF,W,0,0,0,0,0,0,0,0,0,0,0,0,3,0.0,23,18:41,1,0,5,8,38.5
10,2021-02-16,10,19-278,NJD,@,NYR,W,0,0,0,0,0,0,0,0,0,0,0,0,0,,21,18:59,0,0,4,11,26.7
11,2021-02-18,11,19-280,NJD,@,BOS,W,0,1,1,1,0,0,0,0,0,1,0,0,2,0.0,18,18:14,0,0,2,9,18.2
12,2021-02-20,12,19-282,NJD,,BUF,L,0,1,1,0,0,0,0,0,0,1,0,0,5,0.0,24,20:51,1,0,4,9,30.8
13,2021-02-21,13,19-283,NJD,@,WSH,L,1,0,1,2,0,1,0,0,0,0,0,0,3,33.3,24,19:37,0,0,3,9,25.0
14,2021-02-23,14,19-285,NJD,,BUF,L,0,0,0,-2,0,0,0,0,0,0,0,0,4,0.0,23,19:09,0,0,3,7,30.0
15,2021-02-25,15,19-287,NJD,@,BUF,W,0,0,0,1,0,0,0,0,0,0,0,0,8,0.0,23,20:53,1,0,5,9,35.7
16,2021-02-27,16,19-289,NJD,,WSH,L,0,1,1,-2,0,0,0,0,0,0,1,0,4,0.0,26,19:23,0,0,1,8,11.1
17,2021-02-28,17,19-290,NJD,,WSH,L,0,0,0,-1,0,0,0,0,0,0,0,0,3,0.0,20,16:36,0,0,3,5,37.5
18,2021-03-02,18,19-292,NJD,,NYI,L,0,0,0,1,0,0,0,0,0,0,0,0,1,0.0,22,20:28,0,0,8,7,53.3
19,2021-03-04,19,19-294,NJD,,NYR,L,1,0,1,0,0,1,0,0,0,0,0,0,2,50.0,22,18:39,2,0,5,7,41.7
20,2021-03-06,20,19-296,NJD,,NYR,L,0,0,0,-2,0,0,0,0,0,0,0,0,1,0.0,23,18:40,1,0,10,6,62.5
21,2021-03-07,21,19-297,NJD,@,BOS,W,0,0,0,0,0,0,0,0,0,0,0,0,1,0.0,19,15:21,0,2,0,3,0.0
22,2021-03-09,22,19-299,NJD,@,WSH,L-OT,0,0,0,-1,0,0,0,0,0,0,0,0,2,0.0,27,20:08,0,0,1,4,20.0
23,2021-03-11,23,19-301,NJD,@,NYI,L,1,0,1,-2,0,1,0,0,0,0,0,0,2,50.0,18,15:05,0,0,0,1,0.0
24,2021-03-13,24,19-303,NJD,,NYI,L,0,0,0,1,0,0,0,0,0,0,0,0,1,0.0,19,16:49,0,1,5,10,33.3
25,2021-03-14,25,19-304,NJD,,NYI,L-SO,0,0,0,0,0,0,0,0,0,0,0,0,1,0.0,26,22:21,0,0,2,10,16.7
26,2021-03-16,26,19-306,NJD,,BUF,W,0,0,0,1,0,0,0,0,0,0,0,0,1,0.0,22,17:40,0,0,5,10,33.3
27,2021-03-18,27,19-308,NJD,,PIT,W,1,1,2,1,0,1,0,0,0,0,1,0,2,50.0,25,19:51,0,1,6,8,42.9
28,2021-03-20,28,19-310,NJD,,PIT,L,0,0,0,1,0,0,0,0,0,0,0,0,3,0.0,25,19:41,0,0,3,10,23.1
29,2021-03-21,29,19-311,NJD,@,PIT,W,0,0,0,0,0,0,0,0,0,0,0,0,2,0.0,21,18:17,0,0,5,8,38.5
30,2021-03-23,30,19-313,NJD,@,PHI,W,0,0,0,0,0,0,0,0,0,0,0,0,3,0.0,18,14:11,0,2,3,4,42.9
31,2021-03-25,31,19-315,NJD,@,WSH,L,0,0,0,0,0,0,0,0,0,0,0,0,1,0.0,21,17:37,0,0,4,8,33.3
32,2021-03-26,32,19-316,NJD,@,WSH,L,0,0,0,-2,0,0,0,0,0,0,0,0,1,0.0,16,11:48,0,0,2,2,50.0
33,2021-03-28,33,19-318,NJD,@,BOS,W,0,0,0,1,0,0,0,0,0,0,0,0,2,0.0,19,14:11,0,0,2,5,28.6
34,2021-03-30,34,19-320,NJD,@,BOS,L-SO,0,0,0,1,0,0,0,0,0,0,0,0,5,0.0,24,17:03,0,0,7,8,46.7
35,2021-04-02,35,19-323,NJD,,WSH,L-OT,0,0,0,0,0,0,0,0,0,0,0,0,2,0.0,24,20:53,0,0,6,5,54.5
36,2021-04-04,36,19-325,NJD,,WSH,L,0,1,1,0,0,0,0,0,0,1,0,0,4,0.0,24,24:13,0,0,5,6,45.5
37,2021-04-06,37,19-327,NJD,,BUF,L,0,0,0,-2,0,0,0,0,0,0,0,0,2,0.0,23,21:37,0,1,3,6,33.3
38,2021-04-08,38,19-329,NJD,@,BUF,W,1,2,3,3,0,1,0,0,0,2,0,0,4,25.0,22,19:44,0,0,4,8,33.3
39,2021-04-09,39,19-330,NJD,,PIT,L,1,0,1,-1,0,1,0,0,0,0,0,0,2,50.0,24,21:30,0,1,4,6,40.0
40,2021-04-11,40,19-332,NJD,,PIT,L,0,0,0,-1,0,0,0,0,0,0,0,0,4,0.0,26,20:46,1,0,10,7,58.8
41,2021-04-13,41,19-334,NJD,,NYR,L,0,0,0,-2,0,0,0,0,0,0,0,0,3,0.0,24,20:13,1,0,4,5,44.4
42,2021-04-15,42,19-336,NJD,@,NYR,L,0,0,0,-1,2,0,0,0,0,0,0,0,2,0.0,20,18:14,0,0,3,6,33.3
43,2021-04-17,43,19-338,NJD,@,NYR,L,0,2,2,0,0,0,0,0,0,2,0,0,6,0.0,24,20:50,1,1,7,5,58.3
44,2021-04-18,44,19-339,NJD,,NYR,L,0,0,0,-1,12,0,0,0,0,0,0,0,5,0.0,21,18:38,0,0,1,7,12.5
45,2021-04-20,45,19-341,NJD,@,PIT,L,1,0,1,2,0,1,0,0,0,0,0,0,4,25.0,21,20:18,1,0,6,9,40.0
46,2021-04-22,46,19-343,NJD,@,PIT,L,0,0,0,-1,0,0,0,0,0,0,0,0,4,0.0,20,16:38,0,0,1,5,16.7
47,2021-04-24,47,19-345,NJD,@,PIT,L,1,0,1,0,0,1,0,0,0,0,0,0,4,25.0,26,22:19,0,0,5,9,35.7
48,2021-04-25,48,19-346,NJD,@,PHI,L-SO,0,0,0,0,0,0,0,0,0,0,0,0,4,0.0,26,21:37,0,0,2,6,25.0
49,2021-04-27,49,19-348,NJD,,PHI,W,0,2,2,1,0,0,0,0,0,0,2,0,1,0.0,24,18:41,0,1,3,8,27.3
50,2021-04-29,50,19-350,NJD,,PHI,W,0,0,0,-1,0,0,0,0,0,0,0,0,3,0.0,22,18:54,0,0,2,7,22.2
51,2021-05-01,51,19-352,NJD,@,PHI,W,0,2,2,1,0,0,0,0,0,2,0,0,3,0.0,19,17:44,0,0,3,8,27.3
52,2021-05-03,52,19-354,NJD,,BOS,L,0,0,0,-2,0,0,0,0,0,0,0,0,1,0.0,22,19:47,0,0,5,8,38.5
53,2021-05-04,53,19-355,NJD,,BOS,W,0,2,2,3,0,0,0,0,0,1,1,0,2,0.0,29,22:16,0,1,3,6,33.3
54,2021-05-06,54,19-357,NJD,@,NYI,W,0,0,0,-1,0,0,0,0,0,0,0,0,0,,19,18:41,0,0,3,3,50.0
55,2021-05-08,55,19-359,NJD,@,NYI,L,0,0,0,0,2,0,0,0,0,0,0,0,3,0.0,18,16:26,0,1,2,9,18.2
56,2021-05-10,56,19-361,NJD,@,PHI,L,0,0,0,-1,0,0,0,0,0,0,0,0,0,,18,16:42,0,0,2,5,28.6
1,2019-10-04,1,18-143,NJD,,WPG,L-SO,0,0,0,-1,0,0,0,0,0,0,0,0,1,0.0,18,15:12,0,0,4,5,44.4
2,2019-10-05,2,18-144,NJD,@,BUF,L,0,0,0,-2,0,0,0,0,0,0,0,0,2,0.0,16,14:23,0,0,3,3,50.0
3,2019-10-09,3,18-148,NJD,@,PHI,L,0,0,0,0,0,0,0,0,0,0,0,0,0,,17,14:34,1,0,2,4,33.3
4,2019-10-10,4,18-149,NJD,,EDM,L-SO,0,0,0,0,0,0,0,0,0,0,0,0,4,0.0,22,17:36,1,0,5,6,45.5
5,2019-10-12,5,18-151,NJD,@,BOS,L,0,0,0,0,0,0,0,0,0,0,0,0,3,0.0,17,15:52,1,1,1,4,20.0
6,2019-10-14,6,18-153,NJD,,FLA,L,0,0,0,-1,0,0,0,0,0,0,0,0,2,0.0,20,17:20,0,1,6,6,50.0
7,2019-10-17,7,18-156,NJD,,NYR,W,0,1,1,0,0,0,0,0,0,1,0,0,2,0.0,18,13:09,0,0,6,11,35.3
8,2019-10-19,8,18-158,NJD,,VAN,W,1,0,1,0,0,0,1,0,1,0,0,0,1,100.0,16,13:50,0,1,4,9,30.8
9,2019-10-25,9,18-164,NJD,,ARI,L,1,2,3,0,0,0,1,0,0,2,0,0,4,25.0,20,19:17,1,0,10,11,47.6
10,2019-10-30,10,18-169,NJD,,TBL,L-OT,0,0,0,-1,0,0,0,0,0,0,0,0,1,0.0,24,20:19,0,0,9,8,52.9
11,2019-11-01,11,18-171,NJD,,PHI,L-SO,0,1,1,-1,0,0,0,0,0,0,1,0,1,0.0,22,17:46,0,0,8,7,53.3
12,2019-11-02,12,18-172,NJD,@,CAR,W,1,0,1,0,0,0,1,0,0,0,0,0,4,25.0,17,15:01,0,0,3,5,37.5
13,2019-11-05,13,18-175,NJD,@,WPG,W,0,0,0,0,0,0,0,0,0,0,0,0,1,0.0,15,12:35,0,0,1,8,11.1
14,2019-11-07,14,18-177,NJD,@,CGY,L,1,1,2,-1,2,1,0,0,0,1,0,0,2,50.0,19,14:26,0,0,9,5,64.3
15,2019-11-08,15,18-178,NJD,@,EDM,L,0,0,0,0,2,0,0,0,0,0,0,0,1,0.0,18,16:33,1,0,7,9,43.8
16,2019-11-10,16,18-180,NJD,@,VAN,W,0,0,0,0,0,0,0,0,0,0,0,0,3,0.0,20,17:14,0,1,4,8,33.3
17,2019-11-13,17,18-183,NJD,,OTT,L,0,0,0,0,0,0,0,0,0,0,0,0,1,0.0,21,18:13,0,2,2,9,18.2
18,2019-11-15,18,18-185,NJD,,PIT,W,0,0,0,0,0,0,0,0,0,0,0,0,1,0.0,16,15:05,0,1,7,7,50.0
19,2019-11-16,19,18-186,NJD,@,MTL,W,0,1,1,0,0,0,0,0,0,0,1,0,1,0.0,18,14:55,0,0,4,8,33.3
20,2019-11-19,20,18-189,NJD,,BOS,L,0,0,0,0,0,0,0,0,0,0,0,0,1,0.0,17,13:55,0,1,1,7,12.5
21,2019-11-22,21,18-192,NJD,@,PIT,L,0,0,0,0,0,0,0,0,0,0,0,0,4,0.0,21,19:00,0,0,3,4,42.9
22,2019-11-23,22,18-193,NJD,,DET,W,0,0,0,0,0,0,0,0,0,0,0,0,4,0.0,21,16:41,0,0,1,6,14.3
23,2019-11-26,23,18-196,NJD,,MIN,L,0,1,1,0,0,0,0,0,0,1,0,0,1,0.0,18,17:22,0,0,4,4,50.0
24,2019-11-28,24,18-198,NJD,@,MTL,W,0,0,0,-1,2,0,0,0,0,0,0,0,0,,17,14:18,0,0,2,5,28.6
25,2019-12-06,25,18-206,NJD,,CHI,L-SO,0,0,0,0,0,0,0,0,0,0,0,0,3,0.0,20,18:03,0,0,1,6,14.3
26,2019-12-07,26,18-207,NJD,@,NSH,L,0,1,1,1,0,0,0,0,0,1,0,0,2,0.0,19,17:29,0,0,4,10,28.6
27,2019-12-10,27,18-210,NJD,@,DAL,L,0,0,0,0,0,0,0,0,0,0,0,0,2,0.0,20,17:01,0,1,3,8,27.3
28,2019-12-13,28,18-213,NJD,@,COL,L,0,0,0,-1,0,0,0,0,0,0,0,0,4,0.0,17,13:53,1,0,2,5,28.6
29,2019-12-14,29,18-214,NJD,@,ARI,W,0,0,0,0,0,0,0,0,0,0,0,0,2,0.0,16,13:12,0,1,3,5,37.5
30,2019-12-18,30,18-218,NJD,,ANA,W,0,1,1,1,0,0,0,0,0,1,0,0,3,0.0,20,16:14,0,0,1,5,16.7
31,2019-12-20,31,18-220,NJD,,WSH,L,0,0,0,0,0,0,0,0,0,0,0,0,0,,18,16:04,0,0,1,4,20.0
32,2019-12-21,32,18-221,NJD,@,CBJ,L,0,0,0,-2,0,0,0,0,0,0,0,0,4,0.0,14,15:17,0,0,1,5,16.7
33,2019-12-23,33,18-223,NJD,@,CHI,W,1,0,1,0,0,1,0,0,0,0,0,0,5,20.0,18,15:05,0,0,4,9,30.8
34,2019-12-27,34,18-227,NJD,,TOR,L-OT,0,0,0,-1,0,0,0,0,0,0,0,0,3,0.0,17,16:28,0,2,3,4,42.9
35,2019-12-29,35,18-229,NJD,@,OTT,W,1,1,2,1,0,1,0,0,1,0,1,0,2,50.0,17,17:17,1,0,4,2,66.7
36,2019-12-31,36,18-231,NJD,,BOS,W,0,0,0,-1,0,0,0,0,0,0,0,0,2,0.0,14,14:19,0,0,1,1,50.0
37,2020-01-12,37,18-243,NJD,,TBL,W,0,1,1,1,0,0,0,0,0,1,0,0,2,0.0,16,13:26,0,0,3,4,42.9
38,2020-01-14,38,18-245,NJD,@,TOR,L,0,0,0,-1,0,0,0,0,0,0,0,0,0,,9,7:15,0,0,2,5,28.6
39,2020-01-16,39,18-247,NJD,@,WSH,L,0,0,0,0,0,0,0,0,0,0,0,0,1,0.0,19,16:00,1,0,1,5,16.7
40,2020-01-18,40,18-249,NJD,@,CBJ,L,0,0,0,-2,0,0,0,0,0,0,0,0,3,0.0,17,17:38,1,0,1,2,33.3
41,2020-01-27,41,18-258,NJD,@,OTT,W,0,0,0,-1,0,0,0,0,0,0,0,0,8,0.0,19,18:29,1,3,0,2,0.0
42,2020-01-30,42,18-261,NJD,,NSH,L-SO,0,0,0,0,0,0,0,0,0,0,0,0,0,,17,12:57,0,1,0,0,
43,2020-02-01,43,18-263,NJD,,DAL,L-OT,0,0,0,-2,0,0,0,0,0,0,0,0,4,0.0,16,15:41,1,0,1,6,14.3
44,2020-02-04,44,18-266,NJD,,MTL,L-SO,0,1,1,-3,0,0,0,0,0,0,1,0,0,,24,18:08,0,0,8,6,57.1
45,2020-02-06,45,18-268,NJD,@,PHI,W,0,0,0,0,0,0,0,0,0,0,0,0,0,,17,14:50,1,0,3,8,27.3
46,2020-02-08,46,18-270,NJD,,LAK,W,0,1,1,1,0,0,0,0,0,1,0,0,2,0.0,22,16:13,0,0,1,6,14.3
47,2020-02-11,47,18-273,NJD,,FLA,L,1,0,1,-1,0,0,1,0,0,0,0,0,3,33.3,18,17:14,0,0,3,13,18.8
48,2020-02-13,48,18-275,NJD,,DET,W,0,0,0,0,0,0,0,0,0,0,0,0,0,,18,18:31,0,0,4,5,44.4
49,2020-02-14,49,18-276,NJD,@,CAR,L,0,0,0,-1,0,0,0,0,0,0,0,0,3,0.0,17,15:17,0,0,2,6,25.0
50,2020-02-16,50,18-278,NJD,,CBJ,W,0,0,0,-1,0,0,0,0,0,0,0,0,4,0.0,17,15:48,0,0,2,0,100.0
51,2020-02-18,51,18-280,NJD,@,STL,L,0,0,0,-2,0,0,0,0,0,0,0,0,2,0.0,21,18:05,0,0,0,0,
52,2020-02-20,52,18-282,NJD,,SJS,W,0,0,0,0,0,0,0,0,0,0,0,0,2,0.0,19,18:28,0,0,0,0,
53,2020-02-22,53,18-284,NJD,,WSH,W,0,0,0,0,0,0,0,0,0,0,0,0,1,0.0,17,15:42,0,0,0,0,
54,2020-02-25,54,18-287,NJD,@,DET,W,0,1,1,0,2,0,0,0,0,0,1,0,1,0.0,21,18:57,0,0,0,0,
55,2020-02-27,55,18-289,NJD,@,SJS,L-OT,0,0,0,-1,0,0,0,0,0,0,0,0,1,0.0,17,15:37,0,2,0,0,
56,2020-02-29,56,18-291,NJD,@,LAK,L-OT,0,0,0,-1,0,0,0,0,0,0,0,0,3,0.0,21,16:08,0,1,0,0,
57,2020-03-01,57,18-292,NJD,@,ANA,W,0,0,0,0,0,0,0,0,0,0,0,0,0,,16,14:33,0,1,0,1,0.0
58,2020-03-03,58,18-294,NJD,@,VEG,L,0,0,0,0,0,0,0,0,0,0,0,0,2,0.0,20,17:42,0,0,2,0,100.0
59,2020-03-06,59,18-297,NJD,,STL,W,0,0,0,0,0,0,0,0,0,0,0,0,2,0.0,17,14:27,0,0,0,1,0.0
60,2020-03-07,60,18-298,NJD,@,NYR,W,0,0,0,-1,0,0,0,0,0,0,0,0,2,0.0,16,13:25,0,1,0,0,
61,2020-03-10,61,18-301,NJD,,PIT,L,0,0,0,-1,2,0,0,0,0,0,0,0,0,,15,12:18,0,0,0,2,0.0
