Rk,Date,G,Age,Tm,,Opp,,G,A,PTS,+/-,PIM,EV,PP,SH,GW,EV,PP,SH,S,S%,SHFT,TOI,HIT,BLK,FOW,FOL,FO%
1,2023-10-11,1,30-211,VAN,,EDM,W,1,3,4,3,2,0,1,0,0,2,1,0,3,33.3,25,20:07,3,1,8,10,44.4
2,2023-10-14,2,30-214,VAN,@,EDM,W,0,0,0,-1,0,0,0,0,0,0,0,0,1,0.0,30,22:44,10,1,12,14,46.2
3,2023-10-17,3,30-217,VAN,@,PHI,L,0,0,0,0,0,0,0,0,0,0,0,0,2,0.0,26,21:41,2,0,12,10,54.5
4,2023-10-19,4,30-219,VAN,@,TBL,L,1,1,2,1,0,1,0,0,0,1,0,0,4,25.0,25,21:30,3,2,15,9,62.5
5,2023-10-21,5,30-221,VAN,@,FLA,W,0,2,2,1,2,0,0,0,0,1,1,0,5,0.0,26,22:44,3,0,14,13,51.9
6,2023-10-24,6,30-224,VAN,@,NSH,W,0,0,0,1,0,0,0,0,0,0,0,0,1,0.0,27,19:34,3,0,7,13,35.0
7,2023-10-27,7,30-227,VAN,,STL,W,1,2,3,3,0,0,0,1,0,2,0,0,1,100.0,23,17:30,0,0,7,9,43.8
8,2023-10-28,8,30-228,VAN,,NYR,L-OT,1,0,1,0,0,0,1,0,0,0,0,0,2,50.0,30,25:01,2,0,15,8,65.2
9,2023-10-31,9,30-231,VAN,,NSH,W,1,0,1,0,6,1,0,0,0,0,0,0,2,50.0,23,13:02,3,0,10,6,62.5
10,2023-11-02,10,30-233,VAN,@,SJS,W,1,2,3,1,0,0,1,0,1,1,1,0,4,25.0,20,15:34,3,1,9,6,60.0
11,2023-11-04,11,30-235,VAN,,DAL,W,0,0,0,0,0,0,0,0,0,0,0,0,0,,28,22:20,1,1,17,6,73.9
12,2023-11-06,12,30-237,VAN,,EDM,W,1,1,2,0,2,0,1,0,0,0,1,0,2,50.0,30,22:56,4,0,17,8,68.0
13,2023-11-09,13,30-240,VAN,@,OTT,W,1,1,2,2,0,1,0,0,1,0,1,0,2,50.0,27,17:24,1,1,10,10,50.0
14,2023-11-11,14,30-242,VAN,@,TOR,L,1,0,1,-2,0,0,1,0,0,0,0,0,3,33.3,26,19:04,0,1,10,11,47.6
15,2023-11-12,15,30-243,VAN,@,MTL,W,0,2,2,3,0,0,0,0,0,2,0,0,2,0.0,24,20:10,3,1,12,6,66.7
16,2023-11-15,16,30-246,VAN,,NYI,W,1,2,3,0,0,0,1,0,0,1,1,0,3,33.3,26,23:51,1,1,16,10,61.5
17,2023-11-16,17,30-247,VAN,@,CGY,L,0,1,1,-2,0,0,0,0,0,0,1,0,1,0.0,24,16:40,1,1,5,9,35.7
18,2023-11-18,18,30-249,VAN,,SEA,L,1,0,1,0,2,1,0,0,0,0,0,0,3,33.3,21,19:36,3,0,8,10,44.4
19,2023-11-20,19,30-251,VAN,,SJS,W,1,0,1,1,0,1,0,0,0,0,0,0,3,33.3,25,21:01,3,1,8,8,50.0
20,2023-11-22,20,30-253,VAN,@,COL,L,1,0,1,-1,0,1,0,0,0,0,0,0,2,50.0,31,20:09,0,0,17,8,68.0
21,2023-11-24,21,30-255,VAN,@,SEA,W,0,0,0,0,2,0,0,0,0,0,0,0,3,0.0,22,18:01,2,3,8,8,50.0
22,2023-11-25,22,30-256,VAN,@,SJS,L,0,3,3,0,0,0,0,0,0,1,2,0,1,0.0,23,20:47,1,2,11,12,47.8
23,2023-11-28,23,30-259,VAN,,ANA,W,0,2,2,1,0,0,0,0,0,1,1,0,3,0.0,26,20:31,2,2,10,7,58.8
24,2023-11-30,24,30-261,VAN,,VEG,L,0,1,1,-1,0,0,0,0,0,1,0,0,3,0.0,21,17:50,3,0,6,9,40.0
25,2023-12-02,25,30-263,VAN,@,CGY,W,0,0,0,1,2,0,0,0,0,0,0,0,0,,25,20:38,3,0,6,8,42.9
26,2023-12-05,26,30-266,VAN,,NJD,L,1,2,3,-1,0,0,1,0,0,2,0,0,4,25.0,26,21:08,4,1,8,9,47.1
27,2023-12-07,27,30-268,VAN,,MIN,W,0,0,0,1,0,0,0,0,0,0,0,0,4,0.0,27,22:38,2,6,10,9,52.6
28,2023-12-09,28,30-270,VAN,,CAR,W,1,0,1,0,2,1,0,0,0,0,0,0,3,33.3,25,19:38,2,0,7,10,41.2
29,2023-12-12,29,30-273,VAN,,TBL,W,0,2,2,2,0,0,0,0,0,1,1,0,2,0.0,23,18:51,3,1,9,1,90.0
30,2023-12-14,30,30-275,VAN,,FLA,W,0,1,1,0,2,0,0,0,0,0,1,0,1,0.0,23,15:30,1,0,7,10,41.2
31,2023-12-16,31,30-277,VAN,@,MIN,L-SO,0,0,0,-1,0,0,0,0,0,0,0,0,1,0.0,26,19:35,2,0,11,5,68.8
32,2023-12-17,32,30-278,VAN,@,CHI,W,0,2,2,0,2,0,0,0,0,1,1,0,3,0.0,24,19:55,3,1,7,9,43.8
33,2023-12-19,33,30-280,VAN,@,NSH,W,0,0,0,1,0,0,0,0,0,0,0,0,2,0.0,20,18:24,3,1,12,8,60.0
34,2023-12-21,34,30-282,VAN,@,DAL,L-OT,0,1,1,-1,0,0,0,0,0,1,0,0,2,0.0,30,19:11,2,0,10,9,52.6
35,2023-12-23,35,30-284,VAN,,SJS,W,0,2,2,1,0,0,0,0,0,1,1,0,0,,25,21:08,3,0,20,7,74.1
36,2023-12-28,36,30-289,VAN,,PHI,L,0,0,0,-1,0,0,0,0,0,0,0,0,2,0.0,24,17:23,5,0,5,9,35.7
37,2024-01-02,37,30-294,VAN,,OTT,W,1,1,2,1,0,1,0,0,1,0,1,0,2,50.0,26,18:13,4,2,10,11,47.6
38,2024-01-04,38,30-296,VAN,@,STL,L,0,0,0,0,0,0,0,0,0,0,0,0,1,0.0,26,21:15,2,0,6,11,35.3
39,2024-01-06,39,30-298,VAN,@,NJD,W,2,1,3,5,0,2,0,0,0,1,0,0,2,100.0,27,18:29,1,0,12,10,54.5
40,2024-01-08,40,30-300,VAN,@,NYR,W,1,0,1,2,0,1,0,0,0,0,0,0,1,100.0,28,19:25,3,0,11,11,50.0
41,2024-01-09,41,30-301,VAN,@,NYI,W,0,1,1,1,0,0,0,0,0,1,0,0,4,0.0,24,20:01,3,1,11,6,64.7
42,2024-01-11,42,30-303,VAN,@,PIT,W,0,3,3,1,2,0,0,0,0,2,1,0,1,0.0,30,19:27,2,0,6,15,28.6
43,2024-01-13,43,30-305,VAN,@,BUF,W,0,0,0,0,7,0,0,0,0,0,0,0,1,0.0,31,17:53,4,0,18,8,69.2
44,2024-01-15,44,30-307,VAN,@,CBJ,L-SO,1,1,2,1,2,1,0,0,0,0,1,0,2,50.0,30,19:06,0,0,11,10,52.4
45,2024-01-18,45,30-310,VAN,,ARI,W,0,1,1,0,0,0,0,0,0,0,1,0,0,,25,21:49,0,0,17,2,89.5
46,2024-01-20,46,30-312,VAN,,TOR,W,1,1,2,-2,0,0,1,0,1,0,1,0,1,100.0,25,19:01,9,2,10,15,40.0
47,2024-01-22,47,30-314,VAN,,CHI,W,0,0,0,0,0,0,0,0,0,0,0,0,1,0.0,20,14:36,3,2,5,4,55.6
48,2024-01-24,48,30-316,VAN,,STL,L-OT,0,1,1,1,0,0,0,0,0,1,0,0,0,,26,23:29,4,0,10,9,52.6
49,2024-01-27,49,30-319,VAN,,CBJ,W,0,3,3,-1,0,0,0,0,0,1,2,0,4,0.0,28,20:31,0,0,13,4,76.5
50,2024-02-06,50,30-329,VAN,@,CAR,W,1,0,1,1,0,1,0,0,1,0,0,0,3,33.3,24,18:09,3,0,11,8,57.9
51,2024-02-08,51,30-331,VAN,@,BOS,L,0,0,0,-2,4,0,0,0,0,0,0,0,1,0.0,19,13:54,2,0,4,4,50.0
52,2024-02-10,52,30-333,VAN,@,DET,L-OT,0,0,0,1,0,0,0,0,0,0,0,0,8,0.0,27,18:56,1,2,8,4,66.7
53,2024-02-11,53,30-334,VAN,@,WSH,W,1,0,1,1,0,1,0,0,1,0,0,0,3,33.3,24,18:44,1,2,2,5,28.6
54,2024-02-13,54,30-336,VAN,@,CHI,W,0,0,0,0,2,0,0,0,0,0,0,0,3,0.0,20,18:58,1,0,8,4,66.7
55,2024-02-15,55,30-338,VAN,,DET,W,1,0,1,1,0,1,0,0,0,0,0,0,2,50.0,25,19:38,4,0,9,5,64.3
56,2024-02-17,56,30-340,VAN,,WPG,L,0,0,0,1,2,0,0,0,0,0,0,0,4,0.0,23,22:22,3,0,9,6,60.0
57,2024-02-19,57,30-342,VAN,@,MIN,L,3,1,4,2,2,2,1,0,0,1,0,0,4,75.0,27,19:18,5,2,7,4,63.6
58,2024-02-20,58,30-343,VAN,@,COL,L,1,0,1,0,2,1,0,0,0,0,0,0,1,100.0,25,19:24,1,0,11,5,68.8
59,2024-02-22,59,30-345,VAN,@,SEA,L,1,0,1,0,0,1,0,0,0,0,0,0,2,50.0,24,21:05,2,2,3,10,23.1
60,2024-02-24,60,30-347,VAN,,BOS,W,0,3,3,2,0,0,0,0,0,2,1,0,4,0.0,31,20:26,8,1,13,6,68.4
61,2024-02-27,61,30-350,VAN,,PIT,L-OT,1,1,2,0,0,0,0,1,0,0,1,0,4,25.0,32,21:39,4,1,12,10,54.5
62,2024-02-29,62,30-352,VAN,,LAK,L,0,1,1,-2,0,0,0,0,0,0,1,0,5,0.0,25,19:50,7,0,9,7,56.3
63,2024-03-03,63,30-355,VAN,@,ANA,W,0,1,1,1,0,0,0,0,0,1,0,0,2,0.0,22,20:07,2,1,12,5,70.6
64,2024-03-05,64,30-357,VAN,@,LAK,W,1,0,1,0,0,1,0,0,1,0,0,0,3,33.3,29,19:55,3,0,14,7,66.7
65,2024-03-07,65,30-359,VAN,@,VEG,W,0,0,0,0,0,0,0,0,0,0,0,0,2,0.0,27,20:15,5,2,4,13,23.5
66,2024-03-09,66,30-361,VAN,,WPG,W,1,0,1,1,0,1,0,0,1,0,0,0,1,100.0,23,15:55,2,1,5,5,50.0
67,2024-03-13,67,30-365,VAN,,COL,L-OT,1,1,2,1,0,1,0,0,0,1,0,0,2,50.0,24,17:17,2,0,10,5,66.7
68,2024-03-16,68,31-002,VAN,,WSH,L,0,0,0,1,0,0,0,0,0,0,0,0,2,0.0,25,20:48,5,0,11,5,68.8
69,2024-03-19,69,31-005,VAN,,BUF,W,0,2,2,0,0,0,0,0,0,1,1,0,6,0.0,23,19:44,1,2,8,9,47.1
70,2024-03-21,70,31-007,VAN,,MTL,W,0,0,0,-1,0,0,0,0,0,0,0,0,3,0.0,22,17:48,5,2,9,6,60.0
71,2024-03-23,71,31-009,VAN,,CGY,W,1,0,1,-1,2,0,1,0,1,0,0,0,4,25.0,24,15:51,1,2,12,5,70.6
72,2024-03-25,72,31-011,VAN,,LAK,L,0,1,1,1,0,0,0,0,0,1,0,0,1,0.0,26,21:00,8,1,14,10,58.3
73,2024-03-28,73,31-014,VAN,,DAL,L,1,0,1,0,0,1,0,0,0,0,0,0,1,100.0,24,20:36,2,0,8,9,47.1
74,2024-03-31,74,31-017,VAN,,ANA,W,0,2,2,0,0,0,0,0,0,1,1,0,2,0.0,21,19:00,2,0,16,5,76.2
75,2024-04-02,75,31-019,VAN,@,VEG,L,0,1,1,-1,0,0,0,0,0,0,1,0,3,0.0,24,19:22,2,0,14,9,60.9
76,2024-04-03,76,31-020,VAN,@,ARI,W,0,1,1,0,7,0,0,0,0,0,1,0,3,0.0,24,17:58,2,0,16,5,76.2
77,2024-04-06,77,31-023,VAN,@,LAK,L,0,1,1,0,0,0,0,0,0,1,0,0,3,0.0,21,18:14,3,0,11,9,55.0
78,2024-04-08,78,31-025,VAN,,VEG,W,0,3,3,1,0,0,0,0,0,1,2,0,2,0.0,23,20:02,2,3,14,8,63.6
79,2024-04-10,79,31-027,VAN,,ARI,L-OT,1,0,1,1,0,1,0,0,0,0,0,0,4,25.0,23,20:35,0,0,13,4,76.5
80,2024-04-13,80,31-030,VAN,@,EDM,W,0,1,1,1,2,0,0,0,0,1,0,0,1,0.0,21,17:36,0,1,5,3,62.5
81,2024-04-16,81,31-033,VAN,,CGY,W,1,0,1,1,0,1,0,0,0,0,0,0,5,20.0,23,17:14,3,0,5,8,38.5
1,2022-10-12,1,29-212,VAN,@,EDM,L,1,1,2,-1,0,1,0,0,0,0,1,0,2,50.0,28,22:01,2,0,11,9,55.0
2,2022-10-15,2,29-215,VAN,@,PHI,L,0,0,0,-1,2,0,0,0,0,0,0,0,2,0.0,23,21:42,2,1,4,5,44.4
3,2022-10-17,3,29-217,VAN,@,WSH,L,1,0,1,0,0,0,1,0,0,0,0,0,1,100.0,22,17:36,2,0,6,5,54.5
4,2022-10-18,4,29-218,VAN,@,CBJ,L-OT,0,0,0,-2,0,0,0,0,0,0,0,0,3,0.0,24,18:15,1,1,4,9,30.8
5,2022-10-20,5,29-220,VAN,@,MIN,L-OT,0,0,0,-1,2,0,0,0,0,0,0,0,2,0.0,22,20:07,1,1,4,5,44.4
6,2022-10-22,6,29-222,VAN,,BUF,L,0,0,0,-1,0,0,0,0,0,0,0,0,2,0.0,22,20:59,3,0,3,8,27.3
7,2022-10-24,7,29-224,VAN,,CAR,L,2,0,2,1,0,1,1,0,0,0,0,0,2,100.0,30,21:46,4,0,0,1,0.0
8,2022-10-27,8,29-227,VAN,@,SEA,W,0,1,1,0,5,0,0,0,0,0,1,0,1,0.0,27,21:43,4,1,0,0,
9,2022-10-28,9,29-228,VAN,,PIT,W,1,0,1,1,4,1,0,0,0,0,0,0,3,33.3,30,22:24,3,2,0,0,
10,2022-11-01,10,29-232,VAN,,NJD,L,0,2,2,-1,0,0,0,0,0,0,2,0,0,,21,21:45,2,0,0,0,
11,2022-11-03,11,29-234,VAN,,ANA,W,1,0,1,0,0,1,0,0,0,0,0,0,4,25.0,22,18:52,1,0,0,0,
12,2022-11-05,12,29-236,VAN,,NSH,L-SO,1,1,2,0,0,1,0,0,0,0,1,0,4,25.0,29,23:26,2,0,0,1,0.0
13,2022-11-08,13,29-239,VAN,@,OTT,W,0,1,1,1,2,0,0,0,0,1,0,0,1,0.0,28,22:19,2,2,8,6,57.1
14,2022-11-09,14,29-240,VAN,@,MTL,L,0,0,0,-1,0,0,0,0,0,0,0,0,2,0.0,25,18:19,0,0,9,4,69.2
15,2022-11-12,15,29-243,VAN,@,TOR,L,1,0,1,-2,0,0,1,0,0,0,0,0,4,25.0,23,23:06,2,2,2,3,40.0
16,2022-11-13,16,29-244,VAN,@,BOS,L,1,0,1,-2,0,0,1,0,0,0,0,0,2,50.0,25,22:58,4,2,0,1,0.0
17,2022-11-15,17,29-246,VAN,@,BUF,W,1,0,1,1,0,0,1,0,0,0,0,0,4,25.0,26,25:05,0,1,1,3,25.0
18,2022-11-18,18,29-249,VAN,,LAK,W,0,1,1,0,0,0,0,0,0,0,1,0,1,0.0,24,20:28,4,0,1,0,100.0
19,2022-11-21,19,29-252,VAN,,VEG,L,0,1,1,-3,2,0,0,0,0,1,0,0,3,0.0,23,21:42,0,0,0,0,
20,2022-11-23,20,29-254,VAN,@,COL,W,0,1,1,1,2,0,0,0,0,1,0,0,3,0.0,25,21:58,1,1,0,2,0.0
21,2022-11-26,21,29-257,VAN,@,VEG,W,1,1,2,1,0,0,1,0,1,1,0,0,3,33.3,26,18:27,1,0,1,0,100.0
22,2022-11-27,22,29-258,VAN,@,SJS,W,0,2,2,2,0,0,0,0,0,2,0,0,0,,25,18:46,3,0,0,0,
23,2022-11-29,23,29-260,VAN,,WSH,L,0,1,1,0,0,0,0,0,0,1,0,0,2,0.0,22,17:46,1,1,0,0,
24,2022-12-01,24,29-262,VAN,,FLA,L,0,0,0,-1,5,0,0,0,0,0,0,0,3,0.0,25,20:43,4,0,0,0,
25,2022-12-03,25,29-264,VAN,,ARI,W,0,1,1,0,2,0,0,0,0,0,1,0,2,0.0,27,25:22,6,0,0,0,
26,2022-12-05,26,29-266,VAN,,MTL,W,0,1,1,0,0,0,0,0,0,0,1,0,2,0.0,22,19:41,1,0,0,0,
27,2022-12-07,27,29-268,VAN,@,SJS,W,0,0,0,-1,0,0,0,0,0,0,0,0,0,,23,18:17,3,1,1,0,100.0
28,2022-12-10,28,29-271,VAN,,MIN,L,0,0,0,-1,0,0,0,0,0,0,0,0,5,0.0,22,18:06,2,0,1,1,50.0
29,2022-12-14,29,29-275,VAN,@,CGY,W,0,1,1,0,0,0,0,0,0,1,0,0,3,0.0,29,22:44,4,2,0,1,0.0
30,2022-12-17,30,29-278,VAN,,WPG,L,0,0,0,-1,0,0,0,0,0,0,0,0,2,0.0,21,17:48,5,0,3,2,60.0
31,2022-12-19,31,29-280,VAN,,STL,L,0,0,0,0,2,0,0,0,0,0,0,0,4,0.0,24,21:42,3,1,4,5,44.4
32,2022-12-22,32,29-283,VAN,,SEA,W,0,1,1,-1,0,0,0,0,0,1,0,0,3,0.0,25,22:22,0,0,9,7,56.3
33,2022-12-23,33,29-284,VAN,@,EDM,W,2,0,2,1,0,1,1,0,0,0,0,0,5,40.0,27,22:27,1,2,9,7,56.3
34,2022-12-27,34,29-288,VAN,,SJS,W,0,0,0,0,0,0,0,0,0,0,0,0,3,0.0,23,17:05,3,0,7,10,41.2
35,2022-12-29,35,29-290,VAN,@,WPG,L,0,0,0,-1,0,0,0,0,0,0,0,0,5,0.0,24,19:04,1,1,8,5,61.5
36,2022-12-31,36,29-292,VAN,@,CGY,L,0,0,0,-1,2,0,0,0,0,0,0,0,1,0.0,23,19:17,2,0,1,3,25.0
37,2023-01-03,37,29-295,VAN,,NYI,L,0,1,1,-2,2,0,0,0,0,0,1,0,3,0.0,21,18:00,1,0,10,3,76.9
38,2023-01-05,38,29-297,VAN,,COL,W,1,0,1,2,0,1,0,0,0,0,0,0,3,33.3,29,21:34,1,1,0,0,
39,2023-01-08,39,29-300,VAN,@,WPG,L,1,2,3,-1,0,1,0,0,0,1,1,0,2,50.0,23,19:51,2,0,0,1,0.0
40,2023-01-10,40,29-302,VAN,@,PIT,L,0,0,0,-1,2,0,0,0,0,0,0,0,1,0.0,24,20:47,4,1,1,2,33.3
41,2023-01-12,41,29-304,VAN,@,TBL,L,1,1,2,1,0,0,1,0,0,1,0,0,4,25.0,25,20:09,0,0,1,0,100.0
42,2023-01-14,42,29-306,VAN,@,FLA,L,0,0,0,0,0,0,0,0,0,0,0,0,4,0.0,22,21:37,1,0,0,0,
43,2023-01-15,43,29-307,VAN,@,CAR,W,1,0,1,1,0,1,0,0,0,0,0,0,4,25.0,23,21:32,1,2,1,0,100.0
44,2023-01-18,44,29-310,VAN,,TBL,L,0,2,2,-1,0,0,0,0,0,0,2,0,5,0.0,21,24:15,1,1,0,1,0.0
45,2023-01-20,45,29-312,VAN,,COL,L,0,0,0,-1,0,0,0,0,0,0,0,0,4,0.0,21,20:22,1,0,2,1,66.7
46,2023-01-21,46,29-313,VAN,,EDM,L,1,0,1,-1,0,1,0,0,0,0,0,0,1,100.0,21,19:20,1,0,0,0,
47,2023-01-24,47,29-316,VAN,,CHI,W,0,1,1,2,0,0,0,0,0,1,0,0,5,0.0,21,19:16,2,1,4,3,57.1
48,2023-01-25,48,29-317,VAN,@,SEA,L,0,0,0,0,2,0,0,0,0,0,0,0,1,0.0,21,16:30,1,0,3,6,33.3
49,2023-01-27,49,29-319,VAN,,CBJ,W,0,2,2,0,2,0,0,0,0,0,2,0,7,0.0,27,18:49,3,0,8,2,80.0
50,2023-02-06,50,29-329,VAN,@,NJD,L-OT,0,1,1,0,0,0,0,0,0,1,0,0,1,0.0,31,21:21,1,1,11,9,55.0
51,2023-02-08,51,29-331,VAN,@,NYR,L,0,1,1,0,0,0,0,0,0,1,0,0,1,0.0,25,18:42,2,2,10,6,62.5
52,2023-02-09,52,29-332,VAN,@,NYI,W,0,1,1,1,0,0,0,0,0,1,0,0,3,0.0,25,22:54,2,3,10,9,52.6
53,2023-02-11,53,29-334,VAN,@,DET,L,0,1,1,-1,4,0,0,0,0,0,1,0,5,0.0,25,16:24,1,0,14,11,56.0
54,2023-02-13,54,29-336,VAN,,DET,L,0,0,0,-1,0,0,0,0,0,0,0,0,3,0.0,23,19:28,1,0,8,8,50.0
55,2023-02-15,55,29-338,VAN,,NYR,L,1,0,1,-3,0,0,1,0,0,0,0,0,3,33.3,30,19:36,3,2,12,10,54.5
56,2023-02-18,56,29-341,VAN,,PHI,W,0,2,2,2,0,0,0,0,0,0,0,2,3,0.0,27,19:24,4,1,14,6,70.0
57,2023-02-21,57,29-344,VAN,@,NSH,L-SO,0,1,1,0,0,0,0,0,0,1,0,0,4,0.0,31,25:58,4,1,12,11,52.2
58,2023-02-23,58,29-346,VAN,@,STL,W,1,1,2,1,0,0,0,1,0,1,0,0,5,20.0,29,24:35,0,0,13,10,56.5
59,2023-02-25,59,29-348,VAN,,BOS,L,0,0,0,0,0,0,0,0,0,0,0,0,2,0.0,25,18:37,3,0,5,9,35.7
60,2023-03-02,60,29-353,VAN,,MIN,L,0,0,0,-1,2,0,0,0,0,0,0,0,2,0.0,26,20:29,1,0,11,9,55.0
61,2023-03-04,61,29-355,VAN,,TOR,W,1,1,2,2,0,0,0,1,0,0,0,1,5,20.0,31,20:32,5,1,10,8,55.6
62,2023-03-06,62,29-357,VAN,,NSH,W,0,0,0,0,7,0,0,0,0,0,0,0,3,0.0,26,21:36,7,2,15,7,68.2
63,2023-03-08,63,29-359,VAN,,ANA,W,2,0,2,1,0,1,0,1,1,0,0,0,4,50.0,26,20:18,4,1,12,3,80.0
64,2023-03-11,64,29-362,VAN,,OTT,W,1,1,2,2,0,0,0,1,0,1,0,0,2,50.0,24,22:22,5,0,20,13,60.6
65,2023-03-14,65,30-000,VAN,,DAL,W,1,1,2,2,2,1,0,0,0,1,0,0,3,33.3,24,18:46,5,0,5,6,45.5
66,2023-03-16,66,30-002,VAN,@,ARI,L,0,0,0,0,2,0,0,0,0,0,0,0,3,0.0,24,22:46,2,1,11,12,47.8
67,2023-03-18,67,30-004,VAN,@,LAK,W,0,2,2,0,0,0,0,0,0,1,1,0,1,0.0,30,21:52,4,0,8,10,44.4
68,2023-03-19,68,30-005,VAN,@,ANA,W,1,1,2,0,0,1,0,0,0,0,1,0,4,25.0,24,18:22,0,1,14,8,63.6
69,2023-03-21,69,30-007,VAN,,VEG,L,2,1,3,1,0,0,1,1,0,1,0,0,3,66.7,25,22:47,5,0,8,10,44.4
70,2023-03-23,70,30-009,VAN,,SJS,W,1,1,2,1,0,1,0,0,0,1,0,0,2,50.0,21,20:06,2,0,7,11,38.9
71,2023-03-25,71,30-011,VAN,@,DAL,W,0,1,1,1,0,0,0,0,0,1,0,0,1,0.0,29,22:08,4,1,15,10,60.0
72,2023-03-26,72,30-012,VAN,@,CHI,W,0,1,1,1,0,0,0,0,0,1,0,0,2,0.0,28,17:47,2,0,13,4,76.5
73,2023-03-28,73,30-014,VAN,@,STL,L-OT,0,2,2,-1,0,0,0,0,0,1,1,0,2,0.0,27,22:12,3,0,18,13,58.1
74,2023-03-31,74,30-017,VAN,,CGY,L-OT,0,0,0,-1,0,0,0,0,0,0,0,0,1,0.0,35,22:42,4,3,13,14,48.1
75,2023-04-02,75,30-019,VAN,,LAK,L,0,1,1,-1,0,0,0,0,0,1,0,0,4,0.0,28,25:04,6,0,11,11,50.0
76,2023-04-04,76,30-021,VAN,,SEA,L,0,0,0,0,0,0,0,0,0,0,0,0,4,0.0,26,23:06,5,0,14,11,56.0
77,2023-04-06,77,30-023,VAN,,CHI,W,1,0,1,1,0,1,0,0,0,0,0,0,2,50.0,23,17:41,3,1,10,7,58.8
78,2023-04-08,78,30-025,VAN,,CGY,W,0,1,1,0,0,0,0,0,0,0,0,1,4,0.0,33,21:51,6,0,20,5,80.0
79,2023-04-10,79,30-027,VAN,@,LAK,L,0,0,0,-1,5,0,0,0,0,0,0,0,3,0.0,21,18:05,3,1,7,7,50.0
80,2023-04-11,80,30-028,VAN,@,ANA,W,1,1,2,1,0,1,0,0,1,0,1,0,3,33.3,26,20:13,3,1,7,5,58.3
81,2023-04-13,81,30-030,VAN,@,ARI,W,1,1,2,0,0,0,1,0,0,1,0,0,2,50.0,25,19:08,1,0,2,4,33.3
1,2021-10-13,1,28-213,VAN,@,EDM,L-SO,0,1,1,0,0,0,0,0,0,1,0,0,3,0.0,29,22:30,3,0,0,2,0.0
2,2021-10-15,2,28-215,VAN,@,PHI,W,1,2,3,0,0,1,0,0,0,0,2,0,2,50.0,31,23:55,3,2,4,9,30.8
3,2021-10-16,3,28-216,VAN,@,DET,L,0,0,0,-1,0,0,0,0,0,0,0,0,2,0.0,28,22:54,0,0,6,5,54.5
4,2021-10-19,4,28-219,VAN,@,BUF,L,0,1,1,-1,0,0,0,0,0,1,0,0,3,0.0,25,19:14,2,1,7,10,41.2
5,2021-10-21,5,28-221,VAN,@,CHI,W,0,1,1,1,0,0,0,0,0,0,1,0,3,0.0,30,22:49,4,1,9,6,60.0
6,2021-10-23,6,28-223,VAN,@,SEA,W,0,2,2,0,0,0,0,0,0,1,1,0,0,,26,19:25,1,0,10,6,62.5
7,2021-10-26,7,28-226,VAN,,MIN,L,0,0,0,-1,0,0,0,0,0,0,0,0,0,,27,21:47,4,0,10,6,62.5
8,2021-10-28,8,28-228,VAN,,PHI,L,0,0,0,0,0,0,0,0,0,0,0,0,2,0.0,28,22:54,5,1,7,3,70.0
9,2021-10-30,9,28-230,VAN,,EDM,L,0,1,1,1,0,0,0,0,0,1,0,0,1,0.0,22,23:53,4,0,0,1,0.0
10,2021-11-02,10,28-233,VAN,,NYR,W,2,0,2,2,2,2,0,0,1,0,0,0,7,28.6,28,23:55,2,0,4,2,66.7
11,2021-11-05,11,28-236,VAN,,NSH,L,0,1,1,0,0,0,0,0,0,1,0,0,0,,25,21:28,2,1,8,12,40.0
12,2021-11-07,12,28-238,VAN,,DAL,W,2,0,2,1,0,0,2,0,0,0,0,0,4,50.0,30,22:19,5,0,11,3,78.6
13,2021-11-09,13,28-240,VAN,,ANA,L-OT,1,0,1,1,2,1,0,0,0,0,0,0,4,25.0,30,24:16,0,2,3,5,37.5
14,2021-11-11,14,28-242,VAN,@,COL,L,0,1,1,-1,0,0,0,0,0,1,0,0,1,0.0,27,18:25,4,1,10,3,76.9
15,2021-11-13,15,28-244,VAN,@,VEG,L,1,0,1,1,0,1,0,0,0,0,0,0,5,20.0,25,17:04,3,0,11,0,100.0
16,2021-11-14,16,28-245,VAN,@,ANA,L,0,1,1,0,0,0,0,0,0,1,0,0,3,0.0,28,19:24,1,0,8,10,44.4
17,2021-11-17,17,28-248,VAN,,COL,L,0,0,0,-1,2,0,0,0,0,0,0,0,2,0.0,25,24:16,2,1,9,9,50.0
18,2021-11-19,18,28-250,VAN,,WPG,W,0,1,1,-1,0,0,0,0,0,0,1,0,2,0.0,27,19:04,1,1,14,3,82.4
19,2021-11-21,19,28-252,VAN,,CHI,L,0,0,0,0,2,0,0,0,0,0,0,0,4,0.0,26,21:52,1,1,6,6,50.0
20,2021-11-24,20,28-255,VAN,@,PIT,L,0,0,0,-1,0,0,0,0,0,0,0,0,2,0.0,28,21:25,3,0,15,6,71.4
21,2021-11-26,21,28-257,VAN,@,CBJ,L,0,0,0,-1,0,0,0,0,0,0,0,0,1,0.0,27,21:09,2,0,5,7,41.7
22,2021-11-28,22,28-259,VAN,@,BOS,L,0,0,0,-1,0,0,0,0,0,0,0,0,3,0.0,27,22:32,0,0,8,10,44.4
23,2021-11-29,23,28-260,VAN,@,MTL,W,0,1,1,0,0,0,0,0,0,0,1,0,3,0.0,27,19:51,2,0,7,9,43.8
24,2021-12-01,24,28-262,VAN,@,OTT,W,1,2,3,0,0,0,1,0,0,1,1,0,5,20.0,27,19:30,0,1,10,8,55.6
25,2021-12-04,25,28-265,VAN,,PIT,L,0,0,0,0,4,0,0,0,0,0,0,0,2,0.0,24,21:17,0,1,2,7,22.2
26,2021-12-06,26,28-267,VAN,,LAK,W,1,1,2,0,0,0,1,0,0,0,1,0,1,100.0,24,18:14,2,0,7,10,41.2
27,2021-12-08,27,28-269,VAN,,BOS,W,0,1,1,0,2,0,0,0,0,0,1,0,2,0.0,31,21:10,4,0,7,7,50.0
28,2021-12-10,28,28-271,VAN,,WPG,W,0,1,1,1,2,0,0,0,0,1,0,0,5,0.0,26,23:17,2,2,10,9,52.6
29,2021-12-12,29,28-273,VAN,,CAR,W,0,1,1,1,0,0,0,0,0,1,0,0,1,0.0,22,19:30,2,2,5,10,33.3
30,2021-12-14,30,28-275,VAN,,CBJ,W,0,1,1,-2,0,0,0,0,0,0,1,0,4,0.0,24,20:09,0,3,10,10,50.0
31,2021-12-16,31,28-277,VAN,@,SJS,W,1,2,3,3,0,1,0,0,0,1,1,0,3,33.3,27,21:35,0,1,8,7,53.3
32,2021-12-29,32,28-290,VAN,@,ANA,W,1,1,2,2,2,1,0,0,1,1,0,0,2,50.0,26,18:13,5,1,10,7,58.8
33,2021-12-30,33,28-291,VAN,@,LAK,L-SO,0,1,1,0,0,0,0,0,0,0,1,0,0,,26,22:32,2,1,7,7,50.0
34,2022-01-01,34,28-293,VAN,@,SEA,W,0,1,1,0,0,0,0,0,0,1,0,0,2,0.0,29,20:47,2,1,6,9,40.0
35,2022-01-11,35,28-303,VAN,@,FLA,L,0,0,0,-1,5,0,0,0,0,0,0,0,5,0.0,24,19:40,2,0,13,9,59.1
36,2022-01-13,36,28-305,VAN,@,TBL,L,0,0,0,-1,0,0,0,0,0,0,0,0,2,0.0,26,21:52,2,1,8,5,61.5
37,2022-01-15,37,28-307,VAN,@,CAR,L,0,0,0,-1,0,0,0,0,0,0,0,0,0,,23,20:07,1,1,10,8,55.6
38,2022-01-16,38,28-308,VAN,@,WSH,W,1,1,2,1,0,1,0,0,0,0,1,0,4,25.0,24,20:22,2,0,5,6,45.5
39,2022-01-18,39,28-310,VAN,@,NSH,W,0,1,1,0,0,0,0,0,0,0,1,0,1,0.0,25,22:28,4,1,11,12,47.8
40,2022-01-25,40,28-317,VAN,,EDM,L-OT,0,1,1,1,0,0,0,0,0,0,0,1,4,0.0,28,24:38,2,1,9,14,39.1
41,2022-01-27,41,28-319,VAN,@,WPG,W,3,1,4,2,0,2,1,0,1,0,1,0,5,60.0,25,18:35,1,1,13,4,76.5
42,2022-01-29,42,28-321,VAN,@,CGY,L-OT,0,0,0,0,0,0,0,0,0,0,0,0,1,0.0,34,21:21,2,1,17,10,63.0
43,2022-01-31,43,28-323,VAN,@,CHI,W,0,0,0,1,2,0,0,0,0,0,0,0,1,0.0,23,18:23,0,0,9,5,64.3
44,2022-02-01,44,28-324,VAN,@,NSH,L,0,0,0,0,2,0,0,0,0,0,0,0,0,,24,20:19,3,0,9,10,47.4
45,2022-02-08,45,28-331,VAN,,ARI,W,1,1,2,1,0,1,0,0,0,0,1,0,3,33.3,24,22:01,3,0,11,4,73.3
46,2022-02-09,46,28-332,VAN,,NYI,L,0,0,0,-3,4,0,0,0,0,0,0,0,3,0.0,22,16:19,2,1,4,11,26.7
47,2022-02-12,47,28-335,VAN,,TOR,W,1,1,2,1,0,1,0,0,0,0,1,0,1,100.0,28,26:20,3,1,2,2,50.0
48,2022-02-17,48,28-340,VAN,@,SJS,W,1,1,2,0,4,1,0,0,1,1,0,0,3,33.3,24,19:36,4,1,3,1,75.0
49,2022-02-19,49,28-342,VAN,,ANA,L,0,1,1,-2,2,0,0,0,0,0,1,0,2,0.0,25,18:44,3,1,0,5,0.0
50,2022-02-21,50,28-344,VAN,,SEA,W,0,2,2,0,0,0,0,0,0,1,1,0,4,0.0,25,21:41,7,1,13,10,56.5
51,2022-02-24,51,28-347,VAN,,CGY,W,2,2,4,2,0,1,1,0,1,1,1,0,3,66.7,21,16:28,4,0,5,6,45.5
52,2022-02-27,52,28-350,VAN,@,NYR,W,0,2,2,3,0,0,0,0,0,2,0,0,0,,25,18:29,2,1,9,7,56.3
53,2022-02-28,53,28-351,VAN,@,NJD,L,0,1,1,0,0,0,0,0,0,1,0,0,2,0.0,24,19:07,1,1,9,11,45.0
54,2022-03-03,54,28-354,VAN,@,NYI,W,1,0,1,0,0,1,0,0,0,0,0,0,4,25.0,21,18:17,0,0,7,6,53.8
55,2022-03-05,55,28-356,VAN,@,TOR,W,1,1,2,-1,0,1,0,0,0,0,1,0,1,100.0,26,19:12,2,0,10,8,55.6
56,2022-03-09,56,28-360,VAN,,MTL,W,1,3,4,1,2,1,0,0,0,1,2,0,1,100.0,27,20:06,1,2,11,7,61.1
57,2022-03-11,57,28-362,VAN,,WSH,L-OT,0,2,2,0,0,0,0,0,0,1,1,0,0,,28,22:01,4,0,9,5,64.3
58,2022-03-13,58,28-364,VAN,,TBL,L,1,0,1,1,0,1,0,0,0,0,0,0,8,12.5,23,22:28,6,1,5,8,38.5
59,2022-03-15,59,29-001,VAN,,NJD,W,0,3,3,2,0,0,0,0,0,2,0,1,7,0.0,28,20:43,4,0,11,11,50.0
60,2022-03-17,60,29-003,VAN,,DET,L,0,0,0,-1,0,0,0,0,0,0,0,0,4,0.0,20,21:53,3,1,7,5,58.3
61,2022-03-19,61,29-005,VAN,,CGY,L,0,0,0,-1,0,0,0,0,0,0,0,0,1,0.0,21,20:29,1,0,10,3,76.9
62,2022-03-20,62,29-006,VAN,,BUF,L-OT,1,1,2,0,0,1,0,0,0,0,1,0,2,50.0,25,22:05,1,0,8,7,53.3
63,2022-03-23,63,29-009,VAN,@,COL,W,1,1,2,2,0,1,0,0,1,1,0,0,1,100.0,30,22:31,1,1,8,9,47.1
64,2022-03-24,64,29-010,VAN,@,MIN,L-OT,1,0,1,-2,0,0,1,0,0,0,0,0,4,25.0,29,21:47,2,1,10,5,66.7
65,2022-03-26,65,29-012,VAN,@,DAL,W,1,1,2,1,0,1,0,0,0,0,1,0,6,16.7,28,22:16,0,0,13,14,48.1
66,2022-03-28,66,29-014,VAN,@,STL,L,0,0,0,-3,0,0,0,0,0,0,0,0,5,0.0,24,20:31,1,0,3,8,27.3
67,2022-03-30,67,29-016,VAN,,STL,L,0,1,1,-1,0,0,0,0,0,1,0,0,4,0.0,25,22:38,3,1,10,10,50.0
68,2022-04-03,68,29-020,VAN,,VEG,L-OT,1,0,1,0,0,1,0,0,0,0,0,0,5,20.0,26,21:46,2,1,8,8,50.0
69,2022-04-06,69,29-023,VAN,@,VEG,W,0,2,2,2,2,0,0,0,0,2,0,0,2,0.0,23,18:17,5,2,6,5,54.5
70,2022-04-07,70,29-024,VAN,@,ARI,W,0,1,1,0,0,0,0,0,0,1,0,0,0,,25,19:12,1,0,2,3,40.0
71,2022-04-09,71,29-026,VAN,,SJS,W,0,0,0,2,2,0,0,0,0,0,0,0,3,0.0,24,23:36,1,2,5,9,35.7
72,2022-04-12,72,29-029,VAN,,VEG,W,0,1,1,-1,0,0,0,0,0,0,1,0,2,0.0,33,22:19,3,0,9,6,60.0
73,2022-04-14,73,29-031,VAN,,ARI,W,0,5,5,3,0,0,0,0,0,3,2,0,0,,22,18:46,0,1,7,5,58.3
74,2022-04-18,74,29-035,VAN,,DAL,W,0,0,0,2,0,0,0,0,0,0,0,0,2,0.0,22,20:48,2,0,13,7,65.0
75,2022-04-19,75,29-036,VAN,,OTT,L-SO,1,1,2,1,0,0,1,0,0,1,0,0,3,33.3,27,24:18,2,0,12,6,66.7
76,2022-04-21,76,29-038,VAN,@,MIN,L,0,0,0,-3,0,0,0,0,0,0,0,0,2,0.0,24,20:36,1,2,14,8,63.6
77,2022-04-23,77,29-040,VAN,@,CGY,L,0,3,3,1,0,0,0,0,0,3,0,0,5,0.0,26,21:59,3,1,15,15,50.0
78,2022-04-26,78,29-043,VAN,,SEA,W,1,0,1,2,4,1,0,0,0,0,0,0,1,100.0,22,20:05,1,0,12,9,57.1
79,2022-04-28,79,29-045,VAN,,LAK,W,0,1,1,0,0,0,0,0,0,0,1,0,3,0.0,29,24:10,0,0,15,8,65.2
80,2022-04-29,80,29-046,VAN,@,EDM,L-SO,1,0,1,1,0,1,0,0,0,0,0,0,2,50.0,25,24:15,1,2,13,7,65.0
1,2021-01-18,1,27-310,VAN,@,CGY,L,0,1,1,0,0,0,0,0,0,1,0,0,0,,20,18:31,1,0,4,4,50.0
2,2021-01-20,2,27-312,VAN,,MTL,W,0,3,3,-1,0,0,0,0,0,1,2,0,2,0.0,28,19:59,2,0,4,7,36.4
3,2021-01-21,3,27-313,VAN,,MTL,L,0,1,1,-2,0,0,0,0,0,0,1,0,1,0.0,21,16:22,4,0,2,3,40.0
4,2021-01-23,4,27-315,VAN,,MTL,L,0,0,0,-1,0,0,0,0,0,0,0,0,1,0.0,24,20:09,4,0,4,5,44.4
5,2021-01-25,5,27-317,VAN,,OTT,W,0,0,0,-1,4,0,0,0,0,0,0,0,2,0.0,22,17:25,5,1,7,6,53.8
6,2021-01-27,6,27-319,VAN,,OTT,W,2,1,3,2,4,2,0,0,1,0,1,0,4,50.0,22,19:00,4,0,1,1,50.0
7,2021-01-28,7,27-320,VAN,,OTT,W,0,1,1,0,0,0,0,0,0,0,1,0,0,,23,17:35,4,0,1,1,50.0
8,2021-01-30,8,27-322,VAN,@,WPG,W,0,1,1,3,0,0,0,0,0,1,0,0,2,0.0,25,21:18,1,0,6,3,66.7
9,2021-02-01,9,27-324,VAN,@,MTL,L,0,0,0,-3,0,0,0,0,0,0,0,0,0,,23,18:33,0,0,1,0,100.0
10,2021-02-02,10,27-325,VAN,@,MTL,L,0,1,1,-1,0,0,0,0,0,0,1,0,4,0.0,29,23:31,6,3,1,0,100.0
11,2021-02-04,11,27-327,VAN,@,TOR,L,1,1,2,-1,0,0,1,0,0,1,0,0,3,33.3,27,19:19,1,0,1,0,100.0
12,2021-02-06,12,27-329,VAN,@,TOR,L,0,0,0,-1,0,0,0,0,0,0,0,0,0,,23,18:49,1,1,0,1,0.0
13,2021-02-08,13,27-331,VAN,@,TOR,L,0,0,0,0,0,0,0,0,0,0,0,0,2,0.0,28,22:18,3,0,1,3,25.0
14,2021-02-11,14,27-334,VAN,,CGY,L,0,0,0,0,0,0,0,0,0,0,0,0,4,0.0,28,23:54,2,1,3,1,75.0
15,2021-02-13,15,27-336,VAN,,CGY,W,0,0,0,1,0,0,0,0,0,0,0,0,1,0.0,29,20:01,3,0,2,0,100.0
16,2021-02-15,16,27-338,VAN,,CGY,L-OT,0,1,1,1,0,0,0,0,0,0,1,0,2,0.0,26,24:52,3,1,3,3,50.0
17,2021-02-17,17,27-340,VAN,@,CGY,W,1,1,2,3,2,1,0,0,0,1,0,0,2,50.0,23,15:34,0,0,6,2,75.0
18,2021-02-19,18,27-342,VAN,,WPG,L,0,0,0,-2,2,0,0,0,0,0,0,0,2,0.0,28,23:12,3,1,2,1,66.7
19,2021-02-21,19,27-344,VAN,,WPG,L-OT,0,2,2,-1,0,0,0,0,0,1,1,0,2,0.0,28,24:34,3,1,5,3,62.5
20,2021-02-23,20,27-346,VAN,,EDM,L,0,1,1,-1,2,0,0,0,0,1,0,0,1,0.0,25,22:59,3,0,8,2,80.0
21,2021-02-25,21,27-348,VAN,,EDM,L,0,0,0,-1,0,0,0,0,0,0,0,0,1,0.0,28,22:45,0,0,2,5,28.6
22,2021-03-01,22,27-352,VAN,@,WPG,W,1,0,1,2,0,1,0,0,0,0,0,0,1,100.0,24,18:17,2,0,5,0,100.0
23,2021-03-02,23,27-353,VAN,@,WPG,L,1,0,1,-1,0,0,1,0,0,0,0,0,6,16.7,30,22:34,0,0,7,3,70.0
24,2021-03-04,24,27-355,VAN,,TOR,W,0,0,0,0,0,0,0,0,0,0,0,0,3,0.0,28,22:14,3,1,6,4,60.0
25,2021-03-06,25,27-357,VAN,,TOR,W,1,2,3,1,0,1,0,0,1,0,2,0,4,25.0,27,22:42,3,1,7,2,77.8
26,2021-03-08,26,27-359,VAN,,MTL,W,0,0,0,1,0,0,0,0,0,0,0,0,1,0.0,30,25:18,2,0,7,6,53.8
27,2021-03-10,27,27-361,VAN,,MTL,L,0,1,1,-2,7,0,0,0,0,0,1,0,1,0.0,24,19:10,1,0,9,7,56.3
28,2021-03-13,28,27-364,VAN,,EDM,W,0,1,1,1,2,0,0,0,0,0,1,0,2,0.0,25,21:24,1,1,3,5,37.5
29,2021-03-15,29,28-001,VAN,@,OTT,W,1,0,1,1,0,1,0,0,1,0,0,0,2,50.0,33,23:30,2,0,7,6,53.8
30,2021-03-17,30,28-003,VAN,@,OTT,W,0,0,0,0,0,0,0,0,0,0,0,0,1,0.0,31,22:57,3,0,2,2,50.0
31,2021-03-19,31,28-005,VAN,@,MTL,W,1,0,1,1,0,1,0,0,1,0,0,0,2,50.0,26,23:36,0,0,3,10,23.1
32,2021-03-20,32,28-006,VAN,@,MTL,L-SO,0,1,1,0,0,0,0,0,0,1,0,0,1,0.0,32,24:14,0,2,5,8,38.5
33,2021-03-22,33,28-008,VAN,,WPG,L,0,0,0,-1,0,0,0,0,0,0,0,0,1,0.0,25,21:59,1,2,11,8,57.9
34,2021-03-24,34,28-010,VAN,,WPG,L,0,0,0,-2,0,0,0,0,0,0,0,0,2,0.0,26,22:40,0,0,13,5,72.2
35,2021-04-18,35,28-035,VAN,,TOR,W,0,0,0,-1,2,0,0,0,0,0,0,0,1,0.0,30,21:59,0,0,6,7,46.2
36,2021-04-20,36,28-037,VAN,,TOR,W,0,2,2,0,0,0,0,0,0,1,1,0,2,0.0,28,20:33,0,0,6,6,50.0
37,2021-04-22,37,28-039,VAN,,OTT,L,0,0,0,-1,0,0,0,0,0,0,0,0,2,0.0,28,23:47,2,0,18,6,75.0
38,2021-04-24,38,28-041,VAN,,OTT,W,1,1,2,2,4,1,0,0,0,0,1,0,4,25.0,27,19:32,1,0,6,5,54.5
39,2021-04-26,39,28-043,VAN,@,OTT,L,0,0,0,-1,0,0,0,0,0,0,0,0,3,0.0,25,18:14,2,1,3,4,42.9
40,2021-04-28,40,28-045,VAN,@,OTT,L,0,0,0,-1,0,0,0,0,0,0,0,0,1,0.0,24,18:30,4,0,4,6,40.0
41,2021-04-29,41,28-046,VAN,@,TOR,L,1,0,1,-2,0,0,1,0,0,0,0,0,4,25.0,26,21:29,0,1,7,2,77.8
42,2021-05-01,42,28-048,VAN,@,TOR,L,0,0,0,-1,0,0,0,0,0,0,0,0,3,0.0,23,20:22,1,0,7,8,46.7
43,2021-05-03,43,28-050,VAN,,EDM,L,1,1,2,2,0,1,0,0,0,1,0,0,1,100.0,24,22:16,0,0,5,11,31.3
44,2021-05-04,44,28-051,VAN,,EDM,L,0,0,0,-1,2,0,0,0,0,0,0,0,2,0.0,22,20:30,2,2,6,5,54.5
45,2021-05-06,45,28-053,VAN,@,EDM,W,0,1,1,0,0,0,0,0,0,1,0,0,4,0.0,25,21:06,0,1,9,9,50.0
46,2021-05-08,46,28-055,VAN,@,EDM,L,1,0,1,-1,2,1,0,0,0,0,0,0,2,50.0,30,23:54,0,1,4,6,40.0
47,2021-05-10,47,28-057,VAN,@,WPG,W,0,1,1,2,4,0,0,0,0,1,0,0,3,0.0,30,19:40,2,1,9,9,50.0
48,2021-05-11,48,28-058,VAN,@,WPG,L,0,0,0,0,2,0,0,0,0,0,0,0,1,0.0,22,17:52,3,0,5,6,45.5
49,2021-05-13,49,28-060,VAN,@,CGY,L,0,0,0,-1,2,0,0,0,0,0,0,0,2,0.0,26,19:55,0,0,9,10,47.4
50,2021-05-15,50,28-062,VAN,@,EDM,W,0,2,2,2,2,0,0,0,0,2,0,0,1,0.0,25,17:10,1,0,4,6,40.0
51,2021-05-16,51,28-063,VAN,,CGY,L-OT,1,2,3,1,0,0,0,1,0,1,1,0,2,50.0,28,22:42,0,1,6,8,42.9
52,2021-05-18,52,28-065,VAN,,CGY,W,0,1,1,1,0,0,0,0,0,1,0,0,3,0.0,25,19:10,1,0,10,8,55.6
53,2021-05-19,53,28-066,VAN,@,CGY,L,1,0,1,-2,0,1,0,0,0,0,0,0,2,50.0,27,21:14,0,0,6,8,42.9
1,2019-10-02,1,26-202,VAN,@,EDM,L,0,1,1,1,2,0,0,0,0,1,0,0,0,,24,19:51,1,0,5,1,83.3
2,2019-10-05,2,26-205,VAN,@,CGY,L,0,0,0,-2,0,0,0,0,0,0,0,0,3,0.0,24,19:06,0,0,4,4,50.0
3,2019-10-09,3,26-209,VAN,,LAK,W,1,3,4,3,0,1,0,0,0,3,0,0,2,50.0,21,14:57,2,1,1,1,50.0
4,2019-10-12,4,26-212,VAN,,PHI,W,0,0,0,0,0,0,0,0,0,0,0,0,0,,26,19:08,3,1,7,3,70.0
5,2019-10-15,5,26-215,VAN,,DET,W,2,0,2,1,2,0,2,0,0,0,0,0,4,50.0,24,16:28,0,1,3,2,60.0
6,2019-10-17,6,26-217,VAN,@,STL,W,1,0,1,1,0,1,0,0,0,0,0,0,4,25.0,24,21:39,2,1,3,2,60.0
7,2019-10-19,7,26-219,VAN,@,NJD,L,0,0,0,0,0,0,0,0,0,0,0,0,3,0.0,25,22:21,3,0,7,3,70.0
8,2019-10-20,8,26-220,VAN,@,NYR,W,0,0,0,1,0,0,0,0,0,0,0,0,5,0.0,20,17:44,2,1,1,1,50.0
9,2019-10-22,9,26-222,VAN,@,DET,W,0,2,2,1,2,0,0,0,0,1,1,0,3,0.0,20,16:33,1,0,2,4,33.3
10,2019-10-25,10,26-225,VAN,,WSH,L-SO,0,1,1,-1,2,0,0,0,0,1,0,0,3,0.0,27,22:09,2,1,6,4,60.0
11,2019-10-28,11,26-228,VAN,,FLA,W,2,0,2,2,0,2,0,0,0,0,0,0,4,50.0,20,16:19,1,0,6,4,60.0
12,2019-10-30,12,26-230,VAN,@,LAK,W,0,1,1,0,0,0,0,0,0,0,1,0,3,0.0,24,19:11,1,0,6,8,42.9
13,2019-11-01,13,26-232,VAN,@,ANA,L-OT,0,0,0,-2,0,0,0,0,0,0,0,0,3,0.0,21,20:45,2,0,2,4,33.3
14,2019-11-02,14,26-233,VAN,@,SJS,W,0,1,1,-1,0,0,0,0,0,0,1,0,1,0.0,17,15:14,0,0,7,2,77.8
15,2019-11-05,15,26-236,VAN,,STL,L-OT,0,1,1,0,0,0,0,0,0,1,0,0,2,0.0,25,21:00,8,1,4,5,44.4
16,2019-11-07,16,26-238,VAN,@,CHI,L,1,0,1,-2,6,0,1,0,0,0,0,0,2,50.0,26,21:34,1,0,4,2,66.7
17,2019-11-08,17,26-239,VAN,@,WPG,L,1,0,1,-1,0,1,0,0,0,0,0,0,1,100.0,22,19:34,1,1,5,1,83.3
18,2019-11-10,18,26-241,VAN,,NJD,L,0,1,1,0,0,0,0,0,0,0,1,0,2,0.0,26,22:26,1,0,4,1,80.0
19,2019-11-12,19,26-243,VAN,,NSH,W,0,0,0,1,0,0,0,0,0,0,0,0,2,0.0,25,19:10,1,1,6,2,75.0
20,2019-11-14,20,26-245,VAN,,DAL,L,0,0,0,-1,0,0,0,0,0,0,0,0,0,,27,24:29,3,1,3,6,33.3
21,2019-11-16,21,26-247,VAN,,COL,L-OT,0,1,1,0,0,0,0,0,0,1,0,0,4,0.0,26,23:50,2,1,8,5,61.5
22,2019-11-19,22,26-250,VAN,@,DAL,L,0,0,0,-1,0,0,0,0,0,0,0,0,0,,23,20:05,1,0,5,2,71.4
23,2019-11-21,23,26-252,VAN,@,NSH,W,1,1,2,0,0,0,1,0,0,0,1,0,2,50.0,23,19:30,0,2,1,2,33.3
24,2019-11-23,24,26-254,VAN,@,WSH,W,0,1,1,0,0,0,0,0,0,0,1,0,7,0.0,28,23:58,2,1,3,2,60.0
25,2019-11-25,25,26-256,VAN,@,PHI,L,1,0,1,-1,2,1,0,0,0,0,0,0,1,100.0,27,23:44,0,1,2,2,50.0
26,2019-11-27,26,26-258,VAN,@,PIT,L,2,0,2,0,2,1,1,0,0,0,0,0,2,100.0,33,22:07,3,0,2,4,33.3
27,2019-11-30,27,26-261,VAN,@,EDM,W,0,1,1,0,0,0,0,0,0,0,0,1,2,0.0,28,21:48,0,1,9,6,60.0
28,2019-12-01,28,26-262,VAN,,EDM,L,0,1,1,1,0,0,0,0,0,1,0,0,5,0.0,27,21:42,2,0,7,6,53.8
29,2019-12-03,29,26-264,VAN,,OTT,W,0,1,1,-1,0,0,0,0,0,0,1,0,2,0.0,24,17:48,1,1,4,6,40.0
30,2019-12-07,30,26-268,VAN,,BUF,W,1,1,2,1,0,0,1,0,1,0,0,1,2,50.0,24,18:36,2,0,14,4,77.8
31,2019-12-10,31,26-271,VAN,,TOR,L,0,0,0,-1,0,0,0,0,0,0,0,0,1,0.0,29,21:59,1,2,6,6,50.0
32,2019-12-12,32,26-273,VAN,,CAR,W,0,0,0,0,0,0,0,0,0,0,0,0,2,0.0,28,22:08,0,0,5,5,50.0
33,2019-12-14,33,26-275,VAN,@,SJS,L,0,0,0,-2,0,0,0,0,0,0,0,0,4,0.0,25,21:30,1,0,10,3,76.9
34,2019-12-15,34,26-276,VAN,@,VEG,L,0,0,0,0,0,0,0,0,0,0,0,0,2,0.0,22,15:33,0,0,12,5,70.6
35,2019-12-17,35,26-278,VAN,,MTL,L,0,0,0,0,0,0,0,0,0,0,0,0,5,0.0,28,22:51,3,0,9,3,75.0
36,2019-12-19,36,26-280,VAN,,VEG,W,0,1,1,1,0,0,0,0,0,1,0,0,5,0.0,27,22:35,1,0,12,7,63.2
37,2019-12-21,37,26-282,VAN,,PIT,W,1,1,2,2,0,0,1,0,1,1,0,0,1,100.0,22,16:44,5,1,8,1,88.9
38,2019-12-23,38,26-284,VAN,,EDM,W,0,1,1,-1,0,0,0,0,0,0,1,0,1,0.0,28,19:24,3,2,10,5,66.7
39,2019-12-28,39,26-289,VAN,,LAK,W,0,1,1,1,0,0,0,0,0,1,0,0,0,,25,19:10,3,1,6,5,54.5
40,2019-12-29,40,26-290,VAN,@,CGY,W,0,0,0,1,0,0,0,0,0,0,0,0,4,0.0,27,19:16,0,1,5,4,55.6
41,2020-01-02,41,26-294,VAN,,CHI,W,1,3,4,1,0,1,0,0,0,2,1,0,4,25.0,28,19:56,3,0,6,9,40.0
42,2020-01-04,42,26-296,VAN,,NYR,W,0,0,0,0,2,0,0,0,0,0,0,0,2,0.0,23,19:38,2,1,7,3,70.0
43,2020-01-07,43,26-299,VAN,@,TBL,L,0,0,0,0,0,0,0,0,0,0,0,0,0,,20,17:33,2,0,6,6,50.0
44,2020-01-09,44,26-301,VAN,@,FLA,L,0,0,0,0,14,0,0,0,0,0,0,0,4,0.0,27,18:26,4,0,8,6,57.1
45,2020-01-11,45,26-303,VAN,@,BUF,W,1,1,2,2,0,1,0,0,0,1,0,0,3,33.3,23,18:15,1,1,8,5,61.5
46,2020-01-12,46,26-304,VAN,@,MIN,W,0,2,2,0,0,0,0,0,0,1,1,0,2,0.0,21,18:07,1,1,11,4,73.3
47,2020-01-14,47,26-306,VAN,@,WPG,L,0,0,0,0,0,0,0,0,0,0,0,0,1,0.0,26,20:09,1,0,8,9,47.1
48,2020-01-16,48,26-308,VAN,,ARI,W,0,1,1,1,0,0,0,0,0,1,0,0,2,0.0,20,17:56,2,0,2,7,22.2
49,2020-01-18,49,26-310,VAN,,SJS,W,1,0,1,0,0,1,0,0,0,0,0,0,3,33.3,25,17:45,0,0,3,2,60.0
50,2020-01-27,50,26-319,VAN,,STL,W,2,0,2,2,0,2,0,0,1,0,0,0,3,66.7,24,19:00,1,3,8,3,72.7
51,2020-01-29,51,26-321,VAN,@,SJS,W,0,2,2,0,0,0,0,0,0,2,0,0,1,0.0,26,20:19,0,0,9,3,75.0
52,2020-02-01,52,26-324,VAN,@,NYI,W,1,1,2,2,0,1,0,0,0,1,0,0,3,33.3,25,18:22,2,1,10,4,71.4
53,2020-02-02,53,26-325,VAN,@,CAR,L-SO,0,1,1,2,2,0,0,0,0,1,0,0,1,0.0,29,22:37,4,0,5,9,35.7
54,2020-02-04,54,26-327,VAN,@,BOS,L,0,0,0,-1,0,0,0,0,0,0,0,0,0,,26,19:19,3,0,6,2,75.0
55,2020-02-06,55,26-329,VAN,@,MIN,L,1,0,1,-1,0,0,1,0,0,0,0,0,1,100.0,27,21:30,2,0,5,3,62.5
56,2020-02-08,56,26-331,VAN,,CGY,L,0,0,0,-2,5,0,0,0,0,0,0,0,1,0.0,24,20:11,3,0,8,5,61.5
57,2020-02-10,57,26-333,VAN,,NSH,W,1,1,2,2,2,1,0,0,0,1,0,0,2,50.0,24,18:27,1,0,4,3,57.1
58,2020-02-12,58,26-335,VAN,,CHI,W,0,1,1,0,0,0,0,0,0,0,1,0,2,0.0,26,23:01,1,0,7,6,53.8
59,2020-02-16,59,26-339,VAN,,ANA,L,0,0,0,0,0,0,0,0,0,0,0,0,1,0.0,24,19:13,0,0,8,5,61.5
60,2020-02-19,60,26-342,VAN,,MIN,L-SO,2,0,2,1,0,2,0,0,0,0,0,0,3,66.7,24,20:54,2,2,6,6,50.0
61,2020-02-22,61,26-345,VAN,,BOS,W,0,3,3,3,0,0,0,0,0,2,1,0,4,0.0,22,17:07,3,0,6,7,46.2
62,2020-02-25,62,26-348,VAN,@,MTL,W,0,1,1,-2,0,0,0,0,0,0,1,0,4,0.0,29,21:11,2,0,3,4,42.9
63,2020-02-27,63,26-350,VAN,@,OTT,L,1,1,2,-2,2,0,1,0,0,1,0,0,3,33.3,27,19:12,2,2,9,6,60.0
64,2020-02-29,64,26-352,VAN,@,TOR,L,0,0,0,-1,0,0,0,0,0,0,0,0,2,0.0,25,20:44,1,1,6,3,66.7
65,2020-03-01,65,26-353,VAN,@,CBJ,L,1,2,3,1,0,1,0,0,0,1,1,0,5,20.0,25,20:55,1,0,7,6,53.8
66,2020-03-04,66,26-356,VAN,,ARI,L,0,1,1,-1,0,0,0,0,0,0,1,0,3,0.0,27,22:38,4,0,12,4,75.0
67,2020-03-06,67,26-358,VAN,,COL,W,1,1,2,2,0,1,0,0,0,1,0,0,3,33.3,26,22:49,2,1,7,5,58.3
68,2020-03-08,68,26-360,VAN,,CBJ,L,0,0,0,1,0,0,0,0,0,0,0,0,2,0.0,29,24:56,3,0,4,10,28.6
69,2020-03-10,69,26-362,VAN,,NYI,W,0,1,1,0,2,0,0,0,0,0,1,0,1,0.0,31,23:00,5,1,12,5,70.6
1,2018-10-06,1,25-206,TBL,,FLA,W,0,0,0,0,4,0,0,0,0,0,0,0,1,0.0,23,18:42,3,0,5,2,71.4
2,2018-10-11,2,25-211,TBL,,VAN,L,0,0,0,-2,0,0,0,0,0,0,0,0,0,,18,15:52,3,0,3,4,42.9
3,2018-10-13,3,25-213,TBL,,CBJ,W,1,2,3,-1,0,0,1,0,0,0,2,0,3,33.3,19,14:16,2,0,7,4,63.6
4,2018-10-16,4,25-216,TBL,,CAR,W,0,1,1,1,0,0,0,0,0,1,0,0,0,,17,12:01,0,0,4,2,66.7
5,2018-10-18,5,25-218,TBL,,DET,W,0,0,0,0,4,0,0,0,0,0,0,0,1,0.0,20,13:33,3,1,3,4,42.9
6,2018-10-20,6,25-220,TBL,@,MIN,L-OT,1,1,2,-1,0,0,1,0,0,1,0,0,2,50.0,18,15:48,0,0,6,3,66.7
7,2018-10-21,7,25-221,TBL,@,CHI,W,0,2,2,2,0,0,0,0,0,2,0,0,3,0.0,15,12:36,1,1,3,2,60.0
8,2018-10-24,8,25-224,TBL,@,COL,W,0,0,0,0,0,0,0,0,0,0,0,0,1,0.0,20,14:28,0,0,4,4,50.0
9,2018-10-26,9,25-226,TBL,@,VEG,W,1,0,1,0,0,0,1,0,1,0,0,0,3,33.3,18,13:57,5,1,5,5,50.0
10,2018-10-27,10,25-227,TBL,@,ARI,L,0,0,0,-4,0,0,0,0,0,0,0,0,0,,17,14:16,0,0,3,5,37.5
11,2018-10-30,11,25-230,TBL,,NJD,W,0,1,1,0,0,0,0,0,0,1,0,0,0,,24,17:07,0,0,3,3,50.0
12,2018-11-01,12,25-232,TBL,,NSH,L,0,0,0,-3,0,0,0,0,0,0,0,0,2,0.0,20,17:26,4,0,4,5,44.4
13,2018-11-03,13,25-234,TBL,@,MTL,W,1,0,1,3,0,1,0,0,1,0,0,0,3,33.3,18,15:56,1,0,3,3,50.0
14,2018-11-04,14,25-235,TBL,@,OTT,W,0,0,0,-1,0,0,0,0,0,0,0,0,1,0.0,19,16:55,3,1,7,3,70.0
15,2018-11-06,15,25-237,TBL,,EDM,W,0,1,1,1,2,0,0,0,0,0,1,0,2,0.0,20,16:12,1,0,7,8,46.7
16,2018-11-08,16,25-239,TBL,,NYI,W,1,1,2,2,0,1,0,0,0,1,0,0,4,25.0,19,15:11,3,1,2,3,40.0
17,2018-11-10,17,25-241,TBL,,OTT,L,0,0,0,-1,0,0,0,0,0,0,0,0,0,,19,16:29,1,0,2,4,33.3
18,2018-11-13,18,25-244,TBL,@,BUF,L,0,0,0,0,0,0,0,0,0,0,0,0,1,0.0,24,21:33,1,1,6,2,75.0
19,2018-11-15,19,25-246,TBL,@,PIT,W,0,1,1,0,0,0,0,0,0,0,1,0,2,0.0,20,16:46,0,0,1,1,50.0
20,2018-11-17,20,25-248,TBL,@,PHI,W,0,0,0,-1,2,0,0,0,0,0,0,0,1,0.0,21,18:02,3,1,1,2,33.3
21,2018-11-19,21,25-250,TBL,@,NSH,L,0,0,0,-2,0,0,0,0,0,0,0,0,4,0.0,21,18:35,0,1,1,9,10.0
22,2018-11-21,22,25-252,TBL,,FLA,W,0,3,3,4,0,0,0,0,0,2,1,0,1,0.0,20,16:46,1,0,3,2,60.0
23,2018-11-23,23,25-254,TBL,,CHI,W,0,0,0,0,0,0,0,0,0,0,0,0,0,,16,15:45,1,0,4,2,66.7
24,2018-11-25,24,25-256,TBL,,NJD,W,0,0,0,0,0,0,0,0,0,0,0,0,1,0.0,22,21:06,0,1,8,9,47.1
25,2018-11-27,25,25-258,TBL,,ANA,L,0,0,0,0,0,0,0,0,0,0,0,0,0,,16,18:37,2,0,3,6,33.3
26,2018-11-29,26,25-260,TBL,,BUF,W,0,1,1,2,0,0,0,0,0,1,0,0,2,0.0,17,11:50,3,0,4,1,80.0
27,2018-12-01,27,25-262,TBL,@,FLA,W,0,0,0,1,0,0,0,0,0,0,0,0,2,0.0,15,12:52,2,0,1,3,25.0
28,2018-12-03,28,25-264,TBL,@,NJD,W,0,0,0,-1,0,0,0,0,0,0,0,0,3,0.0,15,10:40,0,1,2,3,40.0
29,2018-12-04,29,25-265,TBL,@,DET,W,1,0,1,0,0,1,0,0,0,0,0,0,1,100.0,17,11:56,4,0,1,3,25.0
30,2018-12-06,30,25-267,TBL,,BOS,W,0,0,0,0,0,0,0,0,0,0,0,0,1,0.0,18,12:57,2,0,2,3,40.0
31,2018-12-08,31,25-269,TBL,,COL,W,0,1,1,1,0,0,0,0,0,0,1,0,1,0.0,16,11:27,2,0,2,3,40.0
32,2018-12-10,32,25-271,TBL,,NYR,W,0,2,2,1,0,0,0,0,0,1,1,0,1,0.0,21,20:19,2,0,5,5,50.0
33,2018-12-13,33,25-274,TBL,,TOR,W,0,2,2,1,0,0,0,0,0,1,1,0,1,0.0,15,11:54,1,0,2,5,28.6
34,2018-12-16,34,25-277,TBL,@,WPG,L-OT,0,0,0,0,0,0,0,0,0,0,0,0,2,0.0,19,13:22,2,0,3,4,42.9
35,2018-12-18,35,25-279,TBL,@,VAN,W,0,0,0,0,0,0,0,0,0,0,0,0,3,0.0,15,14:20,1,0,2,3,40.0
36,2018-12-20,36,25-281,TBL,@,CGY,W,0,0,0,-2,0,0,0,0,0,0,0,0,2,0.0,24,17:49,0,0,4,6,40.0
37,2018-12-22,37,25-283,TBL,@,EDM,W,1,0,1,1,0,1,0,0,0,0,0,0,3,33.3,17,12:56,0,0,1,2,33.3
38,2018-12-27,38,25-288,TBL,,PHI,W,0,0,0,0,0,0,0,0,0,0,0,0,0,,8,6:02,0,0,0,3,0.0
39,2019-01-12,39,25-304,TBL,@,BUF,W,0,0,0,-1,0,0,0,0,0,0,0,0,1,0.0,15,11:00,0,0,1,2,33.3
40,2019-01-13,40,25-305,TBL,@,NYI,L,0,0,0,-1,0,0,0,0,0,0,0,0,0,,17,15:46,1,0,5,7,41.7
41,2019-01-15,41,25-307,TBL,@,DAL,W,0,0,0,0,0,0,0,0,0,0,0,0,1,0.0,13,11:04,1,0,6,4,60.0
42,2019-01-17,42,25-309,TBL,,TOR,L,0,0,0,0,0,0,0,0,0,0,0,0,1,0.0,14,10:06,0,0,1,4,20.0
43,2019-01-19,43,25-311,TBL,,SJS,W,0,1,1,0,0,0,0,0,0,1,0,0,1,0.0,19,11:28,0,0,3,3,50.0
44,2019-01-30,44,25-322,TBL,@,PIT,L,1,0,1,1,0,1,0,0,0,0,0,0,2,50.0,17,11:04,2,1,2,0,100.0
45,2019-02-01,45,25-324,TBL,@,NYI,W,0,0,0,0,0,0,0,0,0,0,0,0,2,0.0,17,12:36,3,1,1,3,25.0
46,2019-02-02,46,25-325,TBL,@,NYR,W,0,0,0,0,0,0,0,0,0,0,0,0,0,,18,11:06,2,0,2,3,40.0
47,2019-02-05,47,25-328,TBL,,VEG,L-SO,0,0,0,-1,0,0,0,0,0,0,0,0,1,0.0,17,13:44,1,0,3,0,100.0
48,2019-02-07,48,25-330,TBL,,STL,L-OT,0,0,0,0,0,0,0,0,0,0,0,0,1,0.0,20,15:15,6,0,4,4,50.0
49,2019-02-09,49,25-332,TBL,,PIT,W,1,0,1,1,0,1,0,0,1,0,0,0,2,50.0,16,11:05,0,0,4,3,57.1
50,2019-02-10,50,25-333,TBL,@,FLA,W,0,2,2,1,0,0,0,0,0,1,1,0,0,,21,14:03,1,1,3,4,42.9
51,2019-02-12,51,25-335,TBL,,CGY,W,0,1,1,0,0,0,0,0,0,0,1,0,4,0.0,18,19:11,4,1,5,6,45.5
52,2019-02-14,52,25-337,TBL,,DAL,W,0,0,0,1,2,0,0,0,0,0,0,0,1,0.0,21,16:23,2,0,1,4,20.0
53,2019-02-16,53,25-339,TBL,,MTL,W,0,0,0,0,0,0,0,0,0,0,0,0,1,0.0,19,13:05,0,1,5,1,83.3
54,2019-02-18,54,25-341,TBL,@,CBJ,W,0,0,0,0,0,0,0,0,0,0,0,0,1,0.0,18,11:07,1,0,1,5,16.7
55,2019-02-19,55,25-342,TBL,@,PHI,W,1,1,2,2,0,1,0,0,1,0,1,0,3,33.3,20,15:14,2,0,1,4,20.0
56,2019-02-21,56,25-344,TBL,,BUF,W,0,0,0,-1,4,0,0,0,0,0,0,0,3,0.0,22,13:47,4,1,6,6,50.0
57,2019-02-25,57,25-348,TBL,,LAK,W,1,0,1,1,4,1,0,0,0,0,0,0,2,50.0,22,17:48,0,0,8,4,66.7
58,2019-02-27,58,25-350,TBL,@,NYR,W,1,0,1,-1,4,0,1,0,0,0,0,0,3,33.3,17,13:17,2,0,2,6,25.0
59,2019-02-28,59,25-351,TBL,@,BOS,L,0,0,0,-1,0,0,0,0,0,0,0,0,1,0.0,17,15:05,3,1,0,3,0.0
60,2019-03-02,60,25-353,TBL,,OTT,W,0,0,0,3,2,0,0,0,0,0,0,0,0,,16,12:06,1,0,1,3,25.0
61,2019-03-05,61,25-356,TBL,,WPG,W,0,0,0,0,0,0,0,0,0,0,0,0,3,0.0,16,14:46,3,0,6,2,75.0
62,2019-03-07,62,25-358,TBL,,MIN,L,0,0,0,-1,0,0,0,0,0,0,0,0,0,,16,14:26,0,0,3,2,60.0
63,2019-03-09,63,25-360,TBL,,DET,W,0,0,0,0,0,0,0,0,0,0,0,0,2,0.0,15,13:29,4,0,4,4,50.0
64,2019-03-11,64,25-362,TBL,@,TOR,W,0,0,0,1,0,0,0,0,0,0,0,0,0,,21,16:31,1,1,2,2,50.0
65,2019-03-14,65,26-000,TBL,@,DET,W,0,1,1,-1,0,0,0,0,0,0,1,0,2,0.0,19,15:42,1,0,1,6,14.3
66,2019-03-16,66,26-002,TBL,,WSH,W,0,0,0,0,0,0,0,0,0,0,0,0,4,0.0,17,14:44,0,0,7,2,77.8
67,2019-03-18,67,26-004,TBL,,ARI,W,0,1,1,2,0,0,0,0,0,1,0,0,1,0.0,20,16:31,2,0,7,1,87.5
68,2019-03-20,68,26-006,TBL,@,WSH,W,0,1,1,0,0,0,0,0,0,0,1,0,0,,19,14:05,3,1,3,6,33.3
69,2019-03-21,69,26-007,TBL,@,CAR,W,0,2,2,1,0,0,0,0,0,1,1,0,1,0.0,17,17:14,1,2,9,1,90.0
70,2019-03-23,70,26-009,TBL,@,STL,L,0,1,1,0,0,0,0,0,0,1,0,0,1,0.0,19,16:45,0,0,7,6,53.8
71,2019-03-25,71,26-011,TBL,,BOS,W,0,1,1,2,2,0,0,0,0,1,0,0,2,0.0,20,19:56,0,0,5,1,83.3
72,2019-03-30,72,26-016,TBL,,WSH,L,1,1,2,-2,0,1,0,0,0,0,1,0,1,100.0,16,13:38,3,1,3,4,42.9
73,2019-04-01,73,26-018,TBL,@,OTT,W,0,0,0,0,0,0,0,0,0,0,0,0,1,0.0,15,12:45,3,0,0,2,0.0
74,2019-04-02,74,26-019,TBL,@,MTL,L,0,0,0,1,0,0,0,0,0,0,0,0,0,,15,10:54,1,1,2,2,50.0
75,2019-04-06,75,26-023,TBL,@,BOS,W,0,2,2,0,0,0,0,0,0,1,1,0,1,0.0,20,16:47,0,0,8,4,66.7
1,2017-10-05,1,24-205,NYR,,COL,L,0,0,0,0,2,0,0,0,0,0,0,0,1,0.0,23,16:35,2,0,4,1,80.0
2,2017-10-07,2,24-207,NYR,@,TOR,L,1,1,2,0,0,1,0,0,0,1,0,0,2,50.0,23,16:39,2,2,7,8,46.7
3,2017-10-08,3,24-208,NYR,,MTL,W,0,1,1,1,0,0,0,0,0,1,0,0,0,,20,16:17,1,0,10,3,76.9
4,2017-10-10,4,24-210,NYR,,STL,L,0,0,0,-1,0,0,0,0,0,0,0,0,0,,23,14:56,2,0,4,4,50.0
5,2017-10-13,5,24-213,NYR,@,CBJ,L,0,0,0,0,0,0,0,0,0,0,0,0,3,0.0,19,18:24,0,0,4,3,57.1
6,2017-10-14,6,24-214,NYR,,NJD,L,0,1,1,0,0,0,0,0,0,1,0,0,1,0.0,25,19:57,0,1,10,2,83.3
7,2017-10-17,7,24-217,NYR,,PIT,L-OT,1,2,3,2,0,0,1,0,0,2,0,0,1,100.0,23,15:48,0,0,1,1,50.0
8,2017-10-19,8,24-219,NYR,,NYI,L-SO,0,0,0,1,0,0,0,0,0,0,0,0,2,0.0,24,18:18,3,0,1,5,16.7
9,2017-10-21,9,24-221,NYR,,NSH,W,0,1,1,-1,0,0,0,0,0,0,1,0,0,,21,16:40,2,0,2,2,50.0
10,2017-10-23,10,24-223,NYR,,SJS,L,0,0,0,-1,2,0,0,0,0,0,0,0,2,0.0,25,18:55,1,0,8,6,57.1
11,2017-10-26,11,24-226,NYR,,ARI,W,0,0,0,0,0,0,0,0,0,0,0,0,1,0.0,20,15:37,0,0,7,1,87.5
12,2017-10-28,12,24-228,NYR,@,MTL,L,0,2,2,0,0,0,0,0,0,1,1,0,0,,25,18:20,2,0,6,2,75.0
13,2017-10-31,13,24-231,NYR,,VEG,W,0,0,0,-1,0,0,0,0,0,0,0,0,1,0.0,16,12:10,0,0,3,5,37.5
14,2017-11-02,14,24-233,NYR,@,TBL,W,1,0,1,1,0,1,0,0,1,0,0,0,4,25.0,21,12:06,0,0,3,1,75.0
15,2017-11-04,15,24-235,NYR,@,FLA,W,0,3,3,1,0,0,0,0,0,2,1,0,2,0.0,25,16:22,1,1,6,3,66.7
16,2017-11-06,16,24-237,NYR,,CBJ,W,0,1,1,-1,0,0,0,0,0,1,0,0,2,0.0,25,17:01,1,0,6,4,60.0
17,2017-11-08,17,24-239,NYR,,BOS,W,0,0,0,1,0,0,0,0,0,0,0,0,0,,20,15:10,1,0,5,4,55.6
18,2017-11-11,18,24-242,NYR,,EDM,W,0,0,0,0,0,0,0,0,0,0,0,0,1,0.0,22,16:07,1,0,5,7,41.7
19,2017-11-15,19,24-246,NYR,@,CHI,L,0,0,0,-3,2,0,0,0,0,0,0,0,0,,24,18:20,0,0,3,2,60.0
20,2017-11-17,20,24-248,NYR,@,CBJ,L,0,0,0,-1,0,0,0,0,0,0,0,0,3,0.0,20,15:05,0,0,0,5,0.0
21,2017-11-19,21,24-250,NYR,,OTT,W,0,0,0,1,0,0,0,0,0,0,0,0,0,,19,14:58,1,0,7,6,53.8
22,2017-11-22,22,24-253,NYR,@,CAR,W,0,1,1,1,0,0,0,0,0,1,0,0,3,0.0,20,15:37,2,1,8,9,47.1
23,2017-11-24,23,24-255,NYR,,DET,W,0,1,1,1,0,0,0,0,0,1,0,0,3,0.0,25,17:37,2,1,12,10,54.5
24,2017-11-26,24,24-257,NYR,,VAN,W,0,0,0,2,0,0,0,0,0,0,0,0,1,0.0,26,21:35,3,2,8,9,47.1
25,2017-11-28,25,24-259,NYR,,FLA,L,1,0,1,0,0,1,0,0,0,0,0,0,1,100.0,22,15:23,2,0,8,11,42.1
26,2017-12-01,26,24-262,NYR,,CAR,W,0,1,1,1,2,0,0,0,0,1,0,0,0,,23,15:59,2,1,6,7,46.2
27,2017-12-05,27,24-266,NYR,@,PIT,W,0,1,1,1,2,0,0,0,0,1,0,0,0,,27,18:25,2,0,6,10,37.5
28,2017-12-08,28,24-269,NYR,@,WSH,L,0,1,1,0,2,0,0,0,0,1,0,0,1,0.0,22,17:51,0,1,5,8,38.5
29,2017-12-09,29,24-270,NYR,,NJD,W,0,1,1,1,0,0,0,0,0,1,0,0,1,0.0,21,15:27,2,0,3,5,37.5
30,2017-12-11,30,24-272,NYR,,DAL,L-SO,0,0,0,1,0,0,0,0,0,0,0,0,3,0.0,24,16:43,3,0,10,6,62.5
31,2017-12-13,31,24-274,NYR,@,OTT,L,0,0,0,0,2,0,0,0,0,0,0,0,5,0.0,24,18:14,2,0,6,6,50.0
32,2017-12-15,32,24-276,NYR,,LAK,W,1,0,1,2,0,1,0,0,0,0,0,0,1,100.0,24,18:37,2,1,8,7,53.3
33,2017-12-16,33,24-277,NYR,@,BOS,W,1,0,1,0,2,0,1,0,0,0,0,0,4,25.0,24,17:44,3,2,8,9,47.1
34,2017-12-19,34,24-280,NYR,,ANA,W,0,0,0,0,0,0,0,0,0,0,0,0,3,0.0,23,14:25,2,0,7,4,63.6
35,2017-12-21,35,24-282,NYR,@,NJD,L-SO,0,0,0,-1,0,0,0,0,0,0,0,0,1,0.0,20,14:50,0,0,6,4,60.0
36,2017-12-23,36,24-284,NYR,,TOR,L,1,0,1,1,0,1,0,0,0,0,0,0,1,100.0,24,15:07,0,0,13,2,86.7
37,2017-12-27,37,24-288,NYR,,WSH,W,0,0,0,0,0,0,0,0,0,0,0,0,3,0.0,24,21:06,0,0,0,0,
38,2017-12-29,38,24-290,NYR,@,DET,L-SO,0,0,0,0,0,0,0,0,0,0,0,0,3,0.0,26,17:17,1,0,4,2,66.7
39,2018-01-01,39,24-293,NYR,@,BUF,W,1,1,2,1,0,0,1,0,1,1,0,0,2,50.0,26,17:30,2,0,2,2,50.0
40,2018-01-03,40,24-295,NYR,,CHI,L,0,0,0,-2,2,0,0,0,0,0,0,0,1,0.0,23,18:55,2,1,2,6,25.0
41,2018-01-06,41,24-298,NYR,@,ARI,W,0,0,0,0,0,0,0,0,0,0,0,0,1,0.0,23,20:38,1,0,4,2,66.7
42,2018-01-07,42,24-299,NYR,@,VEG,L,0,0,0,0,0,0,0,0,0,0,0,0,1,0.0,23,20:08,0,0,4,3,57.1
43,2018-01-13,43,24-305,NYR,,NYI,L,0,0,0,-2,0,0,0,0,0,0,0,0,2,0.0,22,16:23,4,0,1,0,100.0
44,2018-01-14,44,24-306,NYR,@,PIT,L,0,0,0,0,0,0,0,0,0,0,0,0,1,0.0,23,18:19,0,1,11,8,57.9
45,2018-01-16,45,24-308,NYR,,PHI,W,1,0,1,0,0,0,1,0,1,0,0,0,2,50.0,22,14:52,1,1,6,4,60.0
46,2018-01-18,46,24-310,NYR,,BUF,W,1,0,1,1,0,1,0,0,0,0,0,0,1,100.0,23,18:34,0,0,8,8,50.0
47,2018-01-20,47,24-312,NYR,@,COL,L,0,0,0,-1,0,0,0,0,0,0,0,0,0,,21,14:55,2,0,7,4,63.6
48,2018-01-21,48,24-313,NYR,@,LAK,L,0,0,0,0,0,0,0,0,0,0,0,0,1,0.0,26,18:45,4,0,7,6,53.8
49,2018-01-23,49,24-315,NYR,@,ANA,L,0,0,0,-1,0,0,0,0,0,0,0,0,0,,7,4:55,1,0,1,3,25.0
50,2018-01-25,50,24-317,NYR,@,SJS,W,1,2,3,3,0,1,0,0,1,2,0,0,1,100.0,25,15:53,1,1,4,4,50.0
51,2018-02-01,51,24-324,NYR,,TOR,L,0,0,0,-2,0,0,0,0,0,0,0,0,2,0.0,21,15:21,0,0,3,2,60.0
52,2018-02-03,52,24-326,NYR,@,NSH,L,1,1,2,-1,0,0,1,0,0,0,1,0,1,100.0,27,15:08,1,0,3,1,75.0
53,2018-02-05,53,24-328,NYR,@,DAL,L,0,1,1,1,0,0,0,0,0,1,0,0,3,0.0,20,16:51,2,0,0,7,0.0
54,2018-02-07,54,24-330,NYR,,BOS,L,0,0,0,-2,2,0,0,0,0,0,0,0,0,,21,16:29,0,0,0,0,
55,2018-02-09,55,24-332,NYR,,CGY,W,0,2,2,1,0,0,0,0,0,1,1,0,3,0.0,18,15:46,1,0,7,5,58.3
56,2018-02-11,56,24-334,NYR,@,WPG,W,0,0,0,0,4,0,0,0,0,0,0,0,0,,25,16:22,3,1,6,0,100.0
57,2018-02-13,57,24-336,NYR,@,MIN,L,0,0,0,0,2,0,0,0,0,0,0,0,1,0.0,25,19:25,1,1,3,2,60.0
58,2018-02-15,58,24-338,NYR,@,NYI,L,0,0,0,-1,2,0,0,0,0,0,0,0,3,0.0,24,19:03,2,1,9,1,90.0
59,2018-02-17,59,24-340,NYR,@,OTT,L,0,1,1,-2,0,0,0,0,0,0,1,0,1,0.0,24,14:29,1,1,6,5,54.5
60,2018-02-18,60,24-341,NYR,,PHI,L,0,0,0,-1,0,0,0,0,0,0,0,0,2,0.0,17,12:42,2,0,2,3,40.0
61,2018-02-22,61,24-345,NYR,@,MTL,L,0,0,0,-1,0,0,0,0,0,0,0,0,2,0.0,22,18:08,1,0,1,1,50.0
62,2018-02-23,62,24-346,NYR,,MIN,L,0,1,1,0,0,0,0,0,0,1,0,0,4,0.0,20,16:16,2,0,3,3,50.0
63,2018-02-25,63,24-348,NYR,,DET,L-OT,1,0,1,-1,0,0,1,0,0,0,0,0,3,33.3,23,18:38,1,1,9,13,40.9
64,2018-02-28,64,24-351,TBL,,BUF,L-OT,0,0,0,0,2,0,0,0,0,0,0,0,0,,24,17:40,4,2,5,3,62.5
65,2018-03-01,65,24-352,TBL,@,DAL,W,0,2,2,0,0,0,0,0,0,2,0,0,2,0.0,25,17:59,2,1,4,6,40.0
66,2018-03-03,66,24-354,TBL,,PHI,W,1,0,1,0,0,1,0,0,0,0,0,0,3,33.3,29,19:39,1,0,4,10,28.6
67,2018-03-06,67,24-357,TBL,,FLA,W,1,1,2,1,0,1,0,0,0,1,0,0,2,50.0,24,18:51,5,0,5,7,41.7
68,2018-03-08,68,24-359,TBL,,NYR,W,0,0,0,0,0,0,0,0,0,0,0,0,1,0.0,20,11:44,0,0,8,3,72.7
69,2018-03-10,69,24-361,TBL,,MTL,W,0,1,1,1,2,0,0,0,0,1,0,0,0,,24,20:12,0,0,10,6,62.5
70,2018-03-13,70,24-364,TBL,,OTT,L,3,0,3,0,0,1,2,0,0,0,0,0,10,30.0,24,20:36,1,0,11,7,61.1
71,2018-03-17,71,25-003,TBL,,BOS,L,0,0,0,0,0,0,0,0,0,0,0,0,1,0.0,16,16:46,0,0,0,6,0.0
72,2018-03-18,72,25-004,TBL,,EDM,W,0,1,1,1,0,0,0,0,0,1,0,0,4,0.0,21,19:02,5,0,6,4,60.0
73,2018-03-20,73,25-006,TBL,,TOR,W,0,0,0,1,0,0,0,0,0,0,0,0,1,0.0,21,16:56,3,0,4,3,57.1
74,2018-03-22,74,25-008,TBL,@,NYI,W,2,0,2,0,0,1,1,0,1,0,0,0,3,66.7,27,19:01,3,0,1,6,14.3
75,2018-03-24,75,25-010,TBL,@,NJD,L,0,0,0,0,2,0,0,0,0,0,0,0,3,0.0,21,20:12,2,0,4,4,50.0
76,2018-03-26,76,25-012,TBL,,ARI,L,0,1,1,-2,0,0,0,0,0,0,1,0,2,0.0,26,22:12,3,1,12,2,85.7
77,2018-03-29,77,25-015,TBL,@,BOS,L,1,0,1,-3,2,0,1,0,0,0,0,0,2,50.0,28,17:06,4,0,4,4,50.0
78,2018-03-30,78,25-016,TBL,@,NYR,W,1,1,2,0,2,0,1,0,0,1,0,0,3,33.3,22,16:33,0,0,9,3,75.0
79,2018-04-01,79,25-018,TBL,,NSH,L,0,0,0,-2,0,0,0,0,0,0,0,0,1,0.0,23,19:05,1,0,5,4,55.6
80,2018-04-03,80,25-020,TBL,,BOS,W,1,0,1,1,0,1,0,0,0,0,0,0,1,100.0,20,16:40,3,0,6,5,54.5
81,2018-04-06,81,25-023,TBL,,BUF,W,0,0,0,-1,2,0,0,0,0,0,0,0,1,0.0,22,18:08,2,0,1,4,20.0
82,2018-04-07,82,25-024,TBL,@,CAR,L-OT,0,1,1,0,0,0,0,0,0,1,0,0,5,0.0,20,17:11,2,0,9,4,69.2
1,2016-10-13,1,23-213,NYR,,NYI,W,1,0,1,1,0,1,0,0,0,0,0,0,4,25.0,24,17:38,2,1,3,2,60.0
2,2016-10-15,2,23-215,NYR,@,STL,L,0,0,0,-1,2,0,0,0,0,0,0,0,2,0.0,20,12:44,1,0,1,0,100.0
3,2016-10-17,3,23-217,NYR,,SJS,W,0,1,1,1,2,0,0,0,0,1,0,0,3,0.0,23,13:37,4,2,3,1,75.0
4,2016-10-19,4,23-219,NYR,,DET,L,0,0,0,0,2,0,0,0,0,0,0,0,0,,17,13:11,1,0,0,4,0.0
5,2016-10-22,5,23-222,NYR,@,WSH,W,0,1,1,0,0,0,0,0,0,1,0,0,1,0.0,20,15:16,0,2,0,2,0.0
6,2016-10-23,6,23-223,NYR,,ARI,W,1,0,1,-1,0,0,1,0,0,0,0,0,7,14.3,23,17:19,4,1,4,3,57.1
7,2016-10-26,7,23-226,NYR,,BOS,W,0,2,2,1,0,0,0,0,0,1,1,0,3,0.0,26,18:32,1,0,1,3,25.0
8,2016-10-28,8,23-228,NYR,@,CAR,L,0,0,0,0,0,0,0,0,0,0,0,0,1,0.0,21,17:18,1,1,2,1,66.7
9,2016-10-30,9,23-230,NYR,,TBL,W,1,2,3,4,0,1,0,0,0,2,0,0,1,100.0,23,15:12,1,3,3,2,60.0
10,2016-11-01,10,23-232,NYR,,STL,W,0,1,1,1,0,0,0,0,0,1,0,0,2,0.0,23,16:01,1,1,1,2,33.3
11,2016-11-03,11,23-234,NYR,,EDM,W,1,1,2,3,0,1,0,0,0,1,0,0,4,25.0,27,15:06,3,0,1,1,50.0
12,2016-11-05,12,23-236,NYR,@,BOS,W,0,0,0,2,0,0,0,0,0,0,0,0,0,,26,14:09,1,0,0,0,
13,2016-11-06,13,23-237,NYR,,WPG,W,1,0,1,2,0,1,0,0,1,0,0,0,1,100.0,17,14:18,2,0,0,1,0.0
14,2016-11-08,14,23-239,NYR,,VAN,L,0,0,0,-1,2,0,0,0,0,0,0,0,1,0.0,22,14:51,0,0,3,4,42.9
15,2016-11-12,15,23-243,NYR,@,CGY,W,0,1,1,1,0,0,0,0,0,1,0,0,2,0.0,20,14:39,1,3,1,2,33.3
16,2016-11-13,16,23-244,NYR,@,EDM,W,0,1,1,1,0,0,0,0,0,1,0,0,3,0.0,25,16:38,2,1,0,1,0.0
17,2016-11-15,17,23-246,NYR,@,VAN,W,2,0,2,2,0,2,0,0,0,0,0,0,4,50.0,24,16:13,0,0,1,3,25.0
18,2016-11-18,18,23-249,NYR,@,CBJ,L,0,0,0,-2,0,0,0,0,0,0,0,0,3,0.0,21,15:40,0,0,0,3,0.0
19,2016-11-20,19,23-251,NYR,,FLA,L-SO,0,0,0,-1,0,0,0,0,0,0,0,0,1,0.0,19,14:03,5,0,2,3,40.0
20,2016-11-21,20,23-252,NYR,@,PIT,W,1,0,1,0,0,0,0,1,1,0,0,0,4,25.0,23,16:13,4,1,0,0,
21,2016-11-23,21,23-254,NYR,,PIT,L,0,0,0,-2,0,0,0,0,0,0,0,0,1,0.0,22,16:07,0,0,0,1,0.0
22,2016-11-25,22,23-256,NYR,@,PHI,W,0,1,1,2,0,0,0,0,0,1,0,0,1,0.0,24,16:02,3,1,0,1,0.0
23,2016-11-27,23,23-258,NYR,,OTT,L,0,0,0,0,0,0,0,0,0,0,0,0,5,0.0,22,18:24,1,0,8,10,44.4
24,2016-11-29,24,23-260,NYR,,CAR,W,0,0,0,-1,0,0,0,0,0,0,0,0,1,0.0,22,17:31,2,2,6,6,50.0
25,2016-12-01,25,23-262,NYR,@,BUF,L,0,0,0,-2,0,0,0,0,0,0,0,0,0,,18,15:42,1,1,3,6,33.3
26,2016-12-03,26,23-264,NYR,,CAR,W,0,0,0,0,0,0,0,0,0,0,0,0,0,,17,11:43,0,4,1,0,100.0
27,2016-12-06,27,23-267,NYR,@,NYI,L,0,1,1,1,2,0,0,0,0,1,0,0,1,0.0,27,21:42,4,1,0,1,0.0
28,2016-12-08,28,23-269,NYR,@,WPG,W,0,1,1,0,0,0,0,0,0,0,1,0,0,,25,17:52,1,0,0,1,0.0
29,2016-12-09,29,23-270,NYR,@,CHI,W,0,0,0,0,0,0,0,0,0,0,0,0,3,0.0,22,17:30,1,0,2,0,100.0
30,2016-12-11,30,23-272,NYR,,NJD,W,1,0,1,1,0,0,0,1,0,0,0,0,1,100.0,19,14:11,0,2,0,2,0.0
31,2016-12-13,31,23-274,NYR,,CHI,L,0,0,0,-2,0,0,0,0,0,0,0,0,1,0.0,23,18:12,1,0,0,1,0.0
32,2016-12-15,32,23-276,NYR,@,DAL,W,0,0,0,0,0,0,0,0,0,0,0,0,1,0.0,22,16:30,0,0,0,1,0.0
33,2016-12-17,33,23-278,NYR,@,NSH,W,0,0,0,-1,0,0,0,0,0,0,0,0,1,0.0,23,17:22,1,1,0,0,
34,2016-12-18,34,23-279,NYR,,NJD,W,0,0,0,0,0,0,0,0,0,0,0,0,2,0.0,26,21:07,2,0,1,0,100.0
35,2016-12-20,35,23-281,NYR,@,PIT,L,0,0,0,-1,0,0,0,0,0,0,0,0,0,,23,16:35,1,0,5,0,100.0
36,2016-12-23,36,23-284,NYR,,MIN,L,0,0,0,-4,0,0,0,0,0,0,0,0,1,0.0,19,15:36,1,0,1,0,100.0
37,2016-12-27,37,23-288,NYR,,OTT,W,0,0,0,1,0,0,0,0,0,0,0,0,3,0.0,30,15:06,0,0,0,2,0.0
38,2016-12-29,38,23-290,NYR,@,ARI,W,1,1,2,0,0,1,0,0,0,0,1,0,1,100.0,22,13:38,1,1,0,1,0.0
39,2016-12-31,39,23-292,NYR,@,COL,W,2,0,2,2,0,2,0,0,1,0,0,0,3,66.7,25,16:40,1,0,1,0,100.0
40,2017-01-03,40,23-295,NYR,,BUF,L,0,1,1,1,0,0,0,0,0,1,0,0,0,,24,13:45,0,1,0,0,
41,2017-01-04,41,23-296,NYR,@,PHI,W,0,2,2,2,0,0,0,0,0,2,0,0,0,,29,16:50,0,1,2,3,40.0
42,2017-01-07,42,23-299,NYR,@,CBJ,W,0,1,1,1,0,0,0,0,0,0,1,0,0,,26,17:14,1,1,1,2,33.3
43,2017-01-13,43,23-305,NYR,,TOR,L,1,0,1,1,0,1,0,0,0,0,0,0,4,25.0,22,17:02,1,0,4,2,66.7
44,2017-01-14,44,23-306,NYR,@,MTL,L,1,0,1,1,5,0,0,1,0,0,0,0,2,50.0,22,13:44,3,1,5,10,33.3
45,2017-01-17,45,23-309,NYR,,DAL,L,0,0,0,-1,0,0,0,0,0,0,0,0,0,,26,17:08,1,0,1,2,33.3
46,2017-01-19,46,23-311,NYR,@,TOR,W,1,0,1,1,0,1,0,0,1,0,0,0,4,25.0,27,17:22,2,1,3,1,75.0
47,2017-01-22,47,23-314,NYR,@,DET,W,1,0,1,1,0,1,0,0,1,0,0,0,1,100.0,26,17:41,0,0,1,5,16.7
48,2017-01-23,48,23-315,NYR,,LAK,W,0,1,1,1,0,0,0,0,0,1,0,0,1,0.0,24,17:41,1,2,3,6,33.3
49,2017-01-25,49,23-317,NYR,,PHI,L,0,0,0,-1,0,0,0,0,0,0,0,0,0,,23,17:20,2,1,4,8,33.3
50,2017-01-31,50,23-323,NYR,,CBJ,L,0,1,1,-2,0,0,0,0,0,1,0,0,2,0.0,23,15:54,0,1,8,8,50.0
51,2017-02-02,51,23-325,NYR,@,BUF,W,0,2,2,1,0,0,0,0,0,1,1,0,4,0.0,27,17:38,1,0,7,4,63.6
52,2017-02-05,52,23-328,NYR,,CGY,W,0,2,2,1,0,0,0,0,0,2,0,0,4,0.0,24,14:35,2,0,3,6,33.3
53,2017-02-07,53,23-330,NYR,,ANA,W,0,2,2,2,0,0,0,0,0,2,0,0,0,,25,19:45,1,4,1,2,33.3
54,2017-02-09,54,23-332,NYR,,NSH,W,2,0,2,3,0,2,0,0,1,0,0,0,3,66.7,26,15:37,1,0,1,1,50.0
55,2017-02-11,55,23-334,NYR,,COL,W,0,1,1,1,0,0,0,0,0,1,0,0,4,0.0,23,18:20,0,0,1,2,33.3
56,2017-02-13,56,23-336,NYR,@,CBJ,W,0,1,1,0,2,0,0,0,0,0,0,1,0,,25,19:23,0,0,3,3,50.0
57,2017-02-16,57,23-339,NYR,@,NYI,L,0,0,0,-1,0,0,0,0,0,0,0,0,2,0.0,22,17:49,2,0,0,3,0.0
58,2017-02-19,58,23-342,NYR,,WSH,W,0,0,0,0,0,0,0,0,0,0,0,0,0,,24,18:37,0,0,4,2,66.7
59,2017-02-21,59,23-344,NYR,,MTL,L-SO,0,0,0,0,0,0,0,0,0,0,0,0,2,0.0,27,20:17,0,0,0,4,0.0
60,2017-02-23,60,23-346,NYR,@,TOR,W,1,0,1,1,2,1,0,0,0,0,0,0,1,100.0,27,17:00,1,0,4,2,66.7
61,2017-02-25,61,23-348,NYR,@,NJD,W,0,0,0,0,0,0,0,0,0,0,0,0,2,0.0,20,14:18,2,0,9,3,75.0
62,2017-02-26,62,23-349,NYR,,CBJ,L,0,0,0,0,0,0,0,0,0,0,0,0,1,0.0,21,16:05,0,0,5,4,55.6
63,2017-02-28,63,23-351,NYR,,WSH,L,0,1,1,1,0,0,0,0,0,1,0,0,1,0.0,22,15:40,1,0,4,5,44.4
64,2017-03-02,64,23-353,NYR,@,BOS,W,0,0,0,-1,0,0,0,0,0,0,0,0,0,,25,18:29,2,3,1,1,50.0
65,2017-03-04,65,23-355,NYR,,MTL,L,0,0,0,-1,0,0,0,0,0,0,0,0,1,0.0,22,15:45,3,0,2,4,33.3
66,2017-03-06,66,23-357,NYR,@,TBL,W,0,0,0,0,0,0,0,0,0,0,0,0,0,,25,18:48,0,1,3,5,37.5
67,2017-03-07,67,23-358,NYR,@,FLA,W,0,1,1,1,0,0,0,0,0,1,0,0,1,0.0,23,14:05,2,0,1,1,50.0
68,2017-03-09,68,23-360,NYR,@,CAR,L,0,0,0,-1,0,0,0,0,0,0,0,0,1,0.0,26,18:08,2,0,0,1,0.0
69,2017-03-12,69,23-363,NYR,@,DET,W,0,1,1,1,0,0,0,0,0,1,0,0,0,,19,14:01,3,0,1,3,25.0
70,2017-03-13,70,23-364,NYR,,TBL,L,0,0,0,0,0,0,0,0,0,0,0,0,0,,22,15:12,0,0,5,1,83.3
71,2017-03-17,71,24-003,NYR,,FLA,L-SO,1,0,1,0,2,1,0,0,0,0,0,0,3,33.3,24,17:54,1,1,2,3,40.0
72,2017-03-18,72,24-004,NYR,@,MIN,W,0,1,1,1,0,0,0,0,0,1,0,0,1,0.0,19,13:56,0,0,1,2,33.3
73,2017-03-21,73,24-007,NYR,@,NJD,L-OT,0,0,0,0,0,0,0,0,0,0,0,0,3,0.0,28,19:24,4,0,3,2,60.0
74,2017-03-22,74,24-008,NYR,,NYI,L,0,0,0,0,0,0,0,0,0,0,0,0,1,0.0,23,18:41,2,2,2,0,100.0
75,2017-03-25,75,24-011,NYR,@,LAK,W,0,0,0,0,0,0,0,0,0,0,0,0,1,0.0,21,14:44,2,3,0,2,0.0
76,2017-03-26,76,24-012,NYR,@,ANA,L,0,0,0,-2,0,0,0,0,0,0,0,0,0,,21,13:19,1,0,3,2,60.0
77,2017-03-28,77,24-014,NYR,@,SJS,L-OT,2,0,2,-2,0,1,1,0,0,0,0,0,4,50.0,28,18:26,0,2,1,0,100.0
78,2017-03-31,78,24-017,NYR,,PIT,L-SO,0,2,2,2,0,0,0,0,0,2,0,0,3,0.0,26,17:28,0,1,1,1,50.0
79,2017-04-02,79,24-019,NYR,,PHI,W,0,0,0,0,0,0,0,0,0,0,0,0,1,0.0,21,14:46,0,0,2,6,25.0
80,2017-04-05,80,24-022,NYR,@,WSH,L,0,0,0,-1,0,0,0,0,0,0,0,0,0,,23,18:07,1,1,0,4,0.0
81,2017-04-08,81,24-025,NYR,@,OTT,L,0,0,0,-1,0,0,0,0,0,0,0,0,0,,20,13:52,0,0,1,3,25.0
82,2017-04-09,82,24-026,NYR,,PIT,W,0,0,0,0,0,0,0,0,0,0,0,0,1,0.0,20,14:05,1,0,0,0,
1,2015-10-07,1,22-207,NYR,@,CHI,W,0,2,2,2,0,0,0,0,0,2,0,0,0,,18,12:16,3,0,0,0,
2,2015-10-09,2,22-209,NYR,@,CBJ,W,0,1,1,0,0,0,0,0,0,1,0,0,0,,18,13:12,1,0,3,1,75.0
3,2015-10-10,3,22-210,NYR,,CBJ,W,0,1,1,1,0,0,0,0,0,1,0,0,0,,17,11:19,4,2,1,4,20.0
4,2015-10-13,4,22-213,NYR,,WPG,L,0,0,0,-2,0,0,0,0,0,0,0,0,3,0.0,18,13:31,1,0,2,0,100.0
5,2015-10-15,5,22-215,NYR,@,MTL,L,0,0,0,-2,2,0,0,0,0,0,0,0,2,0.0,21,16:36,2,0,3,3,50.0
6,2015-10-18,6,22-218,NYR,,NJD,L-OT,0,0,0,-1,0,0,0,0,0,0,0,0,3,0.0,16,14:11,1,0,1,1,50.0
7,2015-10-19,7,22-219,NYR,,SJS,W,0,0,0,0,0,0,0,0,0,0,0,0,0,,18,13:43,0,2,0,0,
8,2015-10-22,8,22-222,NYR,,ARI,W,0,1,1,0,0,0,0,0,0,1,0,0,2,0.0,20,13:26,8,0,0,1,0.0
9,2015-10-24,9,22-224,NYR,@,PHI,L-SO,1,0,1,0,2,1,0,0,0,0,0,0,2,50.0,22,15:24,1,0,3,1,75.0
10,2015-10-25,10,22-225,NYR,,CGY,W,0,0,0,2,0,0,0,0,0,0,0,0,2,0.0,18,15:15,1,0,3,1,75.0
11,2015-10-30,11,22-230,NYR,,TOR,W,0,0,0,0,0,0,0,0,0,0,0,0,0,,18,15:05,3,3,2,2,50.0
12,2015-11-03,12,22-234,NYR,,WSH,W,0,0,0,1,0,0,0,0,0,0,0,0,2,0.0,17,16:02,3,2,0,1,0.0
13,2015-11-06,13,22-237,NYR,@,COL,W,0,0,0,0,2,0,0,0,0,0,0,0,1,0.0,18,13:00,2,0,1,1,50.0
14,2015-11-07,14,22-238,NYR,@,ARI,W,1,0,1,2,0,1,0,0,1,0,0,0,1,100.0,17,9:55,2,0,2,3,40.0
15,2015-11-10,15,22-241,NYR,,CAR,W,0,0,0,0,0,0,0,0,0,0,0,0,0,,17,11:05,1,0,0,1,0.0
16,2015-11-12,16,22-243,NYR,,STL,W,1,1,2,2,0,1,0,0,1,1,0,0,2,50.0,20,13:51,4,0,0,1,0.0
17,2015-11-14,17,22-245,NYR,@,OTT,W,0,0,0,0,0,0,0,0,0,0,0,0,4,0.0,22,15:34,1,0,0,3,0.0
18,2015-11-15,18,22-246,NYR,,TOR,W,0,0,0,0,0,0,0,0,0,0,0,0,0,,21,14:17,1,0,3,4,42.9
19,2015-11-19,19,22-250,NYR,@,TBL,L,0,0,0,-1,0,0,0,0,0,0,0,0,0,,19,11:36,2,0,1,4,20.0
20,2015-11-21,20,22-252,NYR,@,FLA,W,0,1,1,1,4,0,0,0,0,1,0,0,0,,21,11:33,0,0,0,0,
21,2015-11-23,21,22-254,NYR,,NSH,W,0,0,0,0,2,0,0,0,0,0,0,0,0,,13,9:08,3,0,0,0,
22,2015-11-25,22,22-256,NYR,,MTL,L,0,0,0,0,0,0,0,0,0,0,0,0,1,0.0,17,12:17,1,0,0,0,
23,2015-11-27,23,22-258,NYR,@,BOS,L,1,1,2,-1,0,0,1,0,0,1,0,0,3,33.3,18,11:09,3,0,0,0,
24,2015-11-28,24,22-259,NYR,,PHI,L,0,0,0,-2,0,0,0,0,0,0,0,0,1,0.0,20,14:14,2,2,0,0,
25,2015-11-30,25,22-261,NYR,,CAR,W,0,0,0,-1,0,0,0,0,0,0,0,0,2,0.0,15,8:34,3,0,0,2,0.0
26,2015-12-02,26,22-263,NYR,@,NYI,L-SO,0,0,0,0,0,0,0,0,0,0,0,0,5,0.0,19,13:01,8,0,0,0,
27,2015-12-03,27,22-264,NYR,,COL,L,0,0,0,0,0,0,0,0,0,0,0,0,2,0.0,18,12:00,2,1,1,3,25.0
28,2015-12-06,28,22-267,NYR,,OTT,W,0,0,0,0,2,0,0,0,0,0,0,0,1,0.0,17,11:38,2,1,0,1,0.0
29,2015-12-09,29,22-270,NYR,@,VAN,L,0,0,0,0,0,0,0,0,0,0,0,0,2,0.0,19,13:21,0,1,0,0,
30,2015-12-11,30,22-272,NYR,@,EDM,L,0,0,0,1,2,0,0,0,0,0,0,0,3,0.0,24,14:44,4,0,0,1,0.0
31,2015-12-12,31,22-273,NYR,@,CGY,L-OT,1,1,2,1,0,1,0,0,0,1,0,0,1,100.0,20,13:42,0,2,1,1,50.0
32,2015-12-15,32,22-276,NYR,,EDM,W,0,0,0,0,2,0,0,0,0,0,0,0,2,0.0,18,13:01,2,0,2,3,40.0
33,2015-12-17,33,22-278,NYR,@,MIN,L,0,1,1,0,0,0,0,0,0,1,0,0,2,0.0,21,15:37,2,1,3,4,42.9
34,2015-12-18,34,22-279,NYR,@,WPG,L,1,0,1,1,0,1,0,0,0,0,0,0,1,100.0,19,12:57,1,2,1,1,50.0
35,2015-12-20,35,22-281,NYR,,WSH,L,1,0,1,0,0,1,0,0,0,0,0,0,1,100.0,21,15:30,0,0,1,0,100.0
36,2015-12-22,36,22-283,NYR,,ANA,W,0,0,0,0,5,0,0,0,0,0,0,0,1,0.0,16,10:23,1,0,0,0,
37,2015-12-28,37,22-289,NYR,@,NSH,L,1,0,1,0,0,1,0,0,0,0,0,0,1,100.0,19,15:34,5,0,0,1,0.0
38,2015-12-30,38,22-291,NYR,@,TBL,W,0,1,1,1,0,0,0,0,0,1,0,0,1,0.0,19,15:03,2,0,0,0,
39,2016-01-02,39,22-294,NYR,@,FLA,L,0,0,0,0,0,0,0,0,0,0,0,0,2,0.0,22,19:29,4,0,0,0,
40,2016-01-05,40,22-297,NYR,,DAL,W,0,1,1,1,0,0,0,0,0,1,0,0,0,,24,19:43,2,2,1,0,100.0
41,2016-01-09,41,22-301,NYR,,WSH,L-OT,0,0,0,0,0,0,0,0,0,0,0,0,2,0.0,23,15:44,2,0,0,2,0.0
42,2016-01-11,42,22-303,NYR,,BOS,W,0,0,0,1,0,0,0,0,0,0,0,0,3,0.0,22,17:25,3,1,0,0,
43,2016-01-14,43,22-306,NYR,@,NYI,L,0,0,0,-1,0,0,0,0,0,0,0,0,0,,17,11:52,4,0,0,0,
44,2016-01-16,44,22-308,NYR,@,PHI,W,1,0,1,0,0,0,1,0,0,0,0,0,2,50.0,20,15:09,3,1,1,0,100.0
45,2016-01-17,45,22-309,NYR,@,WSH,L,0,0,0,-2,2,0,0,0,0,0,0,0,1,0.0,25,16:06,1,0,0,3,0.0
46,2016-01-19,46,22-311,NYR,,VAN,W,1,0,1,2,0,1,0,0,1,0,0,0,8,12.5,27,20:07,3,1,0,0,
47,2016-01-22,47,22-314,NYR,@,CAR,W,2,0,2,1,0,2,0,0,0,0,0,0,2,100.0,26,16:11,6,1,0,1,0.0
48,2016-01-24,48,22-316,NYR,@,OTT,L,0,0,0,-1,0,0,0,0,0,0,0,0,2,0.0,23,19:55,2,1,0,1,0.0
49,2016-01-25,49,22-317,NYR,,BUF,W,1,0,1,3,0,1,0,0,1,0,0,0,2,50.0,20,15:17,4,0,1,2,33.3
50,2016-02-02,50,22-325,NYR,@,NJD,L,2,0,2,2,0,2,0,0,0,0,0,0,3,66.7,23,18:13,1,1,0,0,
51,2016-02-04,51,22-327,NYR,,MIN,W,1,1,2,2,0,1,0,0,0,1,0,0,2,50.0,21,17:20,1,0,2,1,66.7
52,2016-02-06,52,22-329,NYR,@,PHI,W,0,0,0,0,0,0,0,0,0,0,0,0,2,0.0,27,21:15,2,1,2,2,50.0
53,2016-02-08,53,22-331,NYR,,NJD,W,1,0,1,1,0,1,0,0,1,0,0,0,1,100.0,26,20:12,4,1,1,1,50.0
54,2016-02-10,54,22-333,NYR,@,PIT,W,0,0,0,1,0,0,0,0,0,0,0,0,0,,22,16:26,7,0,0,0,
55,2016-02-12,55,22-335,NYR,,LAK,L-OT,0,0,0,-1,0,0,0,0,0,0,0,0,3,0.0,24,19:37,3,2,0,1,0.0
56,2016-02-14,56,22-337,NYR,,PHI,W,0,0,0,0,0,0,0,0,0,0,0,0,2,0.0,21,16:22,2,1,2,1,66.7
57,2016-02-17,57,22-340,NYR,,CHI,L,0,1,1,0,0,0,0,0,0,0,1,0,2,0.0,22,18:25,2,1,3,1,75.0
58,2016-02-18,58,22-341,NYR,@,TOR,W,0,3,3,3,0,0,0,0,0,2,1,0,0,,20,15:32,1,0,0,1,0.0
59,2016-02-21,59,22-344,NYR,,DET,W,0,0,0,0,0,0,0,0,0,0,0,0,2,0.0,24,18:00,2,1,2,1,66.7
60,2016-02-23,60,22-346,NYR,@,NJD,L,0,0,0,0,15,0,0,0,0,0,0,0,1,0.0,18,11:39,1,0,0,0,
61,2016-02-25,61,22-348,NYR,@,STL,W,0,0,0,0,0,0,0,0,0,0,0,0,3,0.0,24,18:05,1,0,0,1,0.0
62,2016-02-27,62,22-350,NYR,@,DAL,W,0,0,0,0,0,0,0,0,0,0,0,0,0,,28,17:52,3,1,0,1,0.0
63,2016-02-29,63,22-352,NYR,,CBJ,W,0,0,0,-1,0,0,0,0,0,0,0,0,3,0.0,23,16:28,0,1,0,1,0.0
64,2016-03-03,64,22-355,NYR,@,PIT,L,0,0,0,-2,0,0,0,0,0,0,0,0,1,0.0,21,17:05,2,0,2,1,66.7
65,2016-03-04,65,22-356,NYR,@,WSH,W,0,0,0,0,2,0,0,0,0,0,0,0,2,0.0,21,17:04,1,0,1,0,100.0
66,2016-03-06,66,22-358,NYR,,NYI,L,0,0,0,-2,0,0,0,0,0,0,0,0,1,0.0,13,6:35,2,0,0,0,
67,2016-03-08,67,22-360,NYR,@,BUF,W,1,0,1,0,0,1,0,0,0,0,0,0,1,100.0,20,14:15,3,0,2,1,66.7
68,2016-03-12,68,22-364,NYR,@,DET,L-OT,0,0,0,-2,0,0,0,0,0,0,0,0,2,0.0,21,17:30,4,1,1,5,16.7
69,2016-03-13,69,22-365,NYR,,PIT,L,0,1,1,-1,2,0,0,0,0,1,0,0,2,0.0,23,16:58,1,0,2,1,66.7
70,2016-03-16,70,23-002,NYR,@,ANA,W,0,1,1,1,0,0,0,0,0,1,0,0,3,0.0,22,18:00,3,1,1,0,100.0
71,2016-03-17,71,23-003,NYR,@,LAK,L-OT,1,1,2,2,0,1,0,0,0,1,0,0,2,50.0,22,14:27,2,1,0,1,0.0
72,2016-03-19,72,23-005,NYR,@,SJS,L,0,0,0,-1,0,0,0,0,0,0,0,0,0,,20,14:28,1,2,0,1,0.0
73,2016-03-21,73,23-007,NYR,,FLA,W,0,0,0,0,0,0,0,0,0,0,0,0,2,0.0,20,14:20,0,0,1,0,100.0
74,2016-03-23,74,23-009,NYR,,BOS,W,1,0,1,0,0,1,0,0,0,0,0,0,1,100.0,25,16:41,0,0,2,2,50.0
75,2016-03-26,75,23-012,NYR,@,MTL,W,1,0,1,1,0,1,0,0,0,0,0,0,1,100.0,18,12:44,0,0,1,0,100.0
76,2016-03-27,76,23-013,NYR,,PIT,L-OT,0,0,0,-1,0,0,0,0,0,0,0,0,3,0.0,22,16:12,1,1,2,0,100.0
77,2016-03-31,77,23-017,NYR,@,CAR,L,0,1,1,-1,2,0,0,0,0,1,0,0,1,0.0,20,16:58,0,0,1,4,20.0
78,2016-04-02,78,23-019,NYR,,BUF,L,1,0,1,1,0,1,0,0,0,0,0,0,3,33.3,22,16:47,1,1,2,1,66.7
79,2016-04-04,79,23-021,NYR,@,CBJ,W,0,0,0,0,0,0,0,0,0,0,0,0,2,0.0,22,16:12,1,0,0,0,
80,2016-04-05,80,23-022,NYR,,TBL,W,0,0,0,0,0,0,0,0,0,0,0,0,2,0.0,21,18:27,3,2,0,0,
81,2016-04-07,81,23-024,NYR,,NYI,L,0,0,0,-1,0,0,0,0,0,0,0,0,3,0.0,19,17:27,2,2,1,1,50.0
82,2016-04-09,82,23-026,NYR,,DET,W,0,0,0,0,0,0,0,0,0,0,0,0,1,0.0,22,15:33,1,1,0,1,0.0
1,2014-10-09,1,21-209,NYR,@,STL,W,0,0,0,0,0,0,0,0,0,0,0,0,2,0.0,16,12:09,1,2,0,8,0.0
2,2014-10-11,2,21-211,NYR,@,CBJ,L,0,0,0,-1,0,0,0,0,0,0,0,0,3,0.0,18,12:40,2,0,4,3,57.1
3,2014-10-12,3,21-212,NYR,,TOR,L,0,0,0,-3,0,0,0,0,0,0,0,0,2,0.0,16,11:30,1,1,5,3,62.5
4,2014-11-29,4,21-260,NYR,,PHI,W,1,1,2,2,0,1,0,0,0,1,0,0,5,20.0,14,12:37,2,0,1,1,50.0
5,2014-12-01,5,21-262,NYR,,TBL,L,0,0,0,-2,0,0,0,0,0,0,0,0,2,0.0,12,8:59,1,0,0,2,0.0
6,2014-12-06,6,21-267,NYR,@,DET,L,0,0,0,0,0,0,0,0,0,0,0,0,2,0.0,11,8:17,3,0,0,0,
7,2014-12-08,7,21-269,NYR,,PIT,W,1,0,1,0,0,1,0,0,0,0,0,0,1,100.0,23,14:18,3,1,1,1,50.0
8,2014-12-13,8,21-274,NYR,@,VAN,W,1,0,1,0,0,1,0,0,1,0,0,0,1,100.0,21,14:39,3,0,2,2,50.0
9,2014-12-14,9,21-275,NYR,@,EDM,W,0,0,0,1,0,0,0,0,0,0,0,0,1,0.0,20,13:20,0,0,5,6,45.5
10,2014-12-16,10,21-277,NYR,@,CGY,W,0,0,0,0,0,0,0,0,0,0,0,0,1,0.0,23,15:07,0,3,5,8,38.5
11,2014-12-20,11,21-281,NYR,@,CAR,W,1,0,1,-1,2,0,1,0,0,0,0,0,2,50.0,18,11:35,1,0,0,2,0.0
12,2014-12-21,12,21-282,NYR,,CAR,W,0,0,0,0,0,0,0,0,0,0,0,0,0,,16,13:01,1,1,2,2,50.0
13,2014-12-23,13,21-284,NYR,,WSH,W,0,0,0,0,0,0,0,0,0,0,0,0,1,0.0,17,13:11,3,0,2,0,100.0
14,2014-12-29,14,21-290,NYR,@,DAL,L,1,0,1,-1,0,0,1,0,0,0,0,0,2,50.0,16,9:09,1,0,1,1,50.0
15,2014-12-31,15,21-292,NYR,@,FLA,W,0,0,0,0,0,0,0,0,0,0,0,0,3,0.0,18,13:25,0,0,1,0,100.0
16,2015-01-03,16,21-295,NYR,,BUF,W,0,1,1,-1,0,0,0,0,0,0,1,0,2,0.0,20,13:37,0,1,2,2,50.0
17,2015-01-07,17,21-299,NYR,@,ANA,W,0,2,2,2,0,0,0,0,0,2,0,0,1,0.0,19,12:16,1,0,1,1,50.0
18,2015-01-08,18,21-300,NYR,@,LAK,W,0,1,1,1,0,0,0,0,0,1,0,0,0,,19,13:48,4,0,1,0,100.0
19,2015-01-10,19,21-302,NYR,@,SJS,W,0,0,0,0,0,0,0,0,0,0,0,0,2,0.0,15,11:24,2,0,0,2,0.0
20,2015-01-13,20,21-305,NYR,,NYI,L,0,0,0,-1,0,0,0,0,0,0,0,0,0,,20,16:37,2,2,4,2,66.7
21,2015-01-15,21,21-307,NYR,@,BOS,L,0,0,0,0,0,0,0,0,0,0,0,0,1,0.0,19,14:12,2,1,8,9,47.1
22,2015-01-18,22,21-310,NYR,@,PIT,W,0,0,0,0,0,0,0,0,0,0,0,0,0,,20,15:30,1,0,1,1,50.0
23,2015-01-20,23,21-312,NYR,,OTT,W,0,0,0,0,0,0,0,0,0,0,0,0,3,0.0,20,13:29,2,2,0,2,0.0
24,2015-01-27,24,21-319,NYR,@,NYI,L,0,0,0,0,0,0,0,0,0,0,0,0,4,0.0,18,12:58,1,0,0,4,0.0
25,2015-01-31,25,21-323,NYR,,CAR,W,0,0,0,1,2,0,0,0,0,0,0,0,2,0.0,19,12:35,2,1,0,1,0.0
26,2015-02-07,26,21-330,NYR,@,NSH,L,0,0,0,0,0,0,0,0,0,0,0,0,0,,17,11:29,1,1,7,3,70.0
27,2015-02-08,27,21-331,NYR,,DAL,L-OT,0,0,0,0,0,0,0,0,0,0,0,0,2,0.0,19,13:01,4,0,2,5,28.6
28,2015-02-10,28,21-333,NYR,@,TOR,W,0,0,0,1,0,0,0,0,0,0,0,0,2,0.0,15,11:44,0,0,0,0,
29,2015-02-12,29,21-335,NYR,@,COL,W,0,1,1,3,2,0,0,0,0,1,0,0,2,0.0,20,10:31,1,0,2,0,100.0
30,2015-02-14,30,21-337,NYR,@,ARI,W,0,0,0,0,0,0,0,0,0,0,0,0,3,0.0,21,13:36,1,0,2,0,100.0
31,2015-02-16,31,21-339,NYR,@,NYI,W,0,1,1,0,0,0,0,0,0,1,0,0,0,,17,12:07,1,0,2,0,100.0
32,2015-02-19,32,21-342,NYR,,VAN,L-SO,0,0,0,0,0,0,0,0,0,0,0,0,2,0.0,18,13:48,1,0,0,0,
33,2015-02-20,33,21-343,NYR,@,BUF,W,0,1,1,1,10,0,0,0,0,1,0,0,0,,17,10:49,0,0,3,2,60.0
34,2015-02-22,34,21-345,NYR,,CBJ,W,0,0,0,0,0,0,0,0,0,0,0,0,2,0.0,16,12:51,4,0,4,3,57.1
35,2015-02-24,35,21-347,NYR,,CGY,W,0,0,0,0,5,0,0,0,0,0,0,0,2,0.0,17,12:38,0,0,2,2,50.0
36,2015-02-26,36,21-349,NYR,,ARI,W,0,0,0,0,0,0,0,0,0,0,0,0,1,0.0,15,9:20,1,0,3,3,50.0
37,2015-02-28,37,21-351,NYR,@,PHI,L,1,0,1,0,0,1,0,0,0,0,0,0,4,25.0,21,12:14,3,1,1,2,33.3
38,2015-03-02,38,21-353,NYR,,NSH,W,0,0,0,0,0,0,0,0,0,0,0,0,0,,15,11:27,1,0,0,2,0.0
39,2015-03-04,39,21-355,NYR,@,DET,L-OT,0,0,0,0,0,0,0,0,0,0,0,0,1,0.0,15,12:33,3,0,1,2,33.3
40,2015-03-08,40,21-359,NYR,@,CHI,W,0,0,0,0,0,0,0,0,0,0,0,0,3,0.0,16,10:54,3,1,4,2,66.7
41,2015-03-10,41,21-361,NYR,@,NYI,W,0,0,0,-1,0,0,0,0,0,0,0,0,0,,17,12:48,3,0,1,2,33.3
42,2015-03-11,42,21-362,NYR,@,WSH,W,1,0,1,2,0,1,0,0,1,0,0,0,1,100.0,23,9:33,0,0,1,3,25.0
43,2015-03-14,43,22-000,NYR,@,BUF,W,0,0,0,0,2,0,0,0,0,0,0,0,1,0.0,15,10:00,1,0,1,0,100.0
44,2015-03-15,44,22-001,NYR,,FLA,W,0,0,0,0,0,0,0,0,0,0,0,0,4,0.0,14,11:02,2,0,2,2,50.0
45,2015-03-18,45,22-004,NYR,,CHI,L,0,0,0,0,0,0,0,0,0,0,0,0,1,0.0,16,13:14,1,0,1,2,33.3
46,2015-03-21,46,22-007,NYR,@,CAR,W,1,0,1,0,0,1,0,0,0,0,0,0,3,33.3,21,16:09,1,1,1,1,50.0
47,2015-03-22,47,22-008,NYR,,ANA,W,1,1,2,2,0,1,0,0,0,1,0,0,1,100.0,20,12:40,2,1,0,1,0.0
48,2015-03-24,48,22-010,NYR,,LAK,L,0,1,1,-1,0,0,0,0,0,1,0,0,1,0.0,21,15:36,3,1,0,1,0.0
49,2015-03-26,49,22-012,NYR,@,OTT,W,0,0,0,-1,0,0,0,0,0,0,0,0,1,0.0,20,12:52,2,0,0,0,
50,2015-03-28,50,22-014,NYR,@,BOS,L,0,1,1,-1,0,0,0,0,0,1,0,0,1,0.0,23,13:45,3,0,1,4,20.0
51,2015-03-29,51,22-015,NYR,,WSH,L,0,0,0,-1,0,0,0,0,0,0,0,0,0,,15,12:35,1,0,1,1,50.0
52,2015-03-31,52,22-017,NYR,@,WPG,W,0,1,1,1,0,0,0,0,0,1,0,0,1,0.0,22,15:04,1,0,0,0,
53,2015-04-02,53,22-019,NYR,@,MIN,W,1,0,1,1,0,1,0,0,1,0,0,0,2,50.0,18,12:05,0,0,1,1,50.0
54,2015-04-04,54,22-021,NYR,,NJD,W,0,0,0,1,0,0,0,0,0,0,0,0,1,0.0,18,14:28,2,3,0,1,0.0
55,2015-04-06,55,22-023,NYR,,CBJ,W,0,1,1,1,0,0,0,0,0,1,0,0,2,0.0,17,13:03,0,2,2,2,50.0
56,2015-04-07,56,22-024,NYR,@,NJD,W,0,0,0,0,0,0,0,0,0,0,0,0,1,0.0,17,11:27,1,1,1,0,100.0
57,2015-04-09,57,22-026,NYR,,OTT,L,0,0,0,0,0,0,0,0,0,0,0,0,3,0.0,21,17:50,1,0,1,2,33.3
58,2015-04-11,58,22-028,NYR,@,WSH,W,0,0,0,0,0,0,0,0,0,0,0,0,1,0.0,17,12:59,2,1,0,0,
1,2013-10-03,1,20-203,NYR,@,PHX,L,0,0,0,0,2,0,0,0,0,,,,1,0.0,16,11:58,1,1,1,0,100.0
2,2013-10-16,2,20-216,NYR,@,WSH,W,0,0,0,0,0,0,0,0,0,,,,0,,13,10:12,0,1,0,0,
3,2013-10-19,3,20-219,NYR,@,NJD,L,0,0,0,0,0,0,0,0,0,,,,3,0.0,19,15:08,2,0,2,2,50.0
4,2013-10-24,4,20-224,NYR,@,PHI,L,0,0,0,0,0,0,0,0,0,,,,0,,20,13:35,4,0,0,0,
5,2013-10-26,5,20-226,NYR,@,DET,W,0,0,0,0,2,0,0,0,0,,,,0,,22,14:27,0,1,0,0,
6,2013-10-28,6,20-228,NYR,,MTL,L,0,0,0,-1,0,0,0,0,0,,,,3,0.0,21,14:28,0,1,4,3,57.1
7,2013-10-29,7,20-229,NYR,@,NYI,W,0,0,0,0,0,0,0,0,0,,,,3,0.0,17,12:41,1,1,0,0,
8,2013-10-31,8,20-231,NYR,,BUF,W,0,1,1,0,0,0,0,0,0,,,,2,0.0,19,14:58,2,0,0,0,
9,2013-11-02,9,20-233,NYR,,CAR,W,0,0,0,0,0,0,0,0,0,,,,0,,15,12:12,1,0,0,2,0.0
10,2013-11-06,10,20-237,NYR,,PIT,W,0,0,0,0,0,0,0,0,0,,,,0,,11,8:43,1,0,0,0,
11,2013-11-07,11,20-238,NYR,@,CBJ,W,0,0,0,-1,2,0,0,0,0,,,,1,0.0,16,7:48,1,0,0,0,
12,2013-11-10,12,20-241,NYR,,FLA,W,1,0,1,-1,2,1,0,0,0,,,,2,50.0,14,8:03,2,0,0,0,
13,2013-11-12,13,20-243,NYR,,NJD,L,0,0,0,-1,0,0,0,0,0,,,,0,,10,5:04,1,2,0,0,
14,2013-11-16,14,20-247,NYR,@,MTL,W,0,0,0,0,0,0,0,0,0,,,,3,0.0,12,8:11,1,2,0,0,
15,2013-11-17,15,20-248,NYR,,LAK,L,0,0,0,0,0,0,0,0,0,,,,1,0.0,16,9:14,0,0,0,0,
16,2013-12-07,16,20-268,NYR,,NJD,L-OT,0,0,0,0,0,0,0,0,0,,,,2,0.0,19,11:49,2,3,0,0,
17,2013-12-08,17,20-269,NYR,,WSH,L,0,0,0,-2,0,0,0,0,0,,,,0,,14,9:01,0,0,0,0,
18,2013-12-20,18,20-281,NYR,,NYI,L,0,0,0,-1,0,0,0,0,0,,,,1,0.0,15,11:22,2,0,2,3,40.0
19,2013-12-22,19,20-283,NYR,,MIN,W,0,0,0,0,0,0,0,0,0,,,,3,0.0,17,13:23,5,0,4,3,57.1
20,2013-12-23,20,20-284,NYR,,TOR,W,1,0,1,1,0,1,0,0,0,,,,5,20.0,13,9:29,1,0,3,4,42.9
21,2013-12-27,21,20-288,NYR,@,WSH,L,0,0,0,0,2,0,0,0,0,,,,3,0.0,16,10:11,2,1,3,3,50.0
22,2013-12-29,22,20-290,NYR,@,TBL,W,0,0,0,-1,2,0,0,0,0,,,,0,,16,12:12,2,0,3,3,50.0
23,2013-12-31,23,20-292,NYR,@,FLA,W,0,0,0,0,2,0,0,0,0,,,,1,0.0,13,8:41,3,1,1,1,50.0
24,2014-01-04,24,20-296,NYR,@,TOR,W,0,1,1,1,0,0,0,0,0,,,,1,0.0,20,14:06,2,0,0,0,
25,2014-01-06,25,20-298,NYR,,CBJ,L-SO,0,0,0,-1,0,0,0,0,0,,,,0,,15,13:06,0,2,0,0,
26,2014-02-27,26,20-350,NYR,,CHI,W,0,1,1,1,2,0,0,0,0,,,,2,0.0,22,12:18,2,0,0,0,
27,2014-03-01,27,20-352,NYR,@,PHI,L,0,0,0,0,0,0,0,0,0,,,,2,0.0,17,13:00,2,0,0,0,
28,2014-03-02,28,20-353,NYR,,BOS,L,1,0,1,0,0,1,0,0,0,,,,4,25.0,21,14:59,0,1,1,0,100.0
29,2014-03-26,29,21-012,NYR,,PHI,W,0,0,0,1,2,0,0,0,0,,,,1,0.0,18,13:19,4,0,2,0,100.0
30,2014-03-28,30,21-014,NYR,@,CGY,L,0,0,0,-1,0,0,0,0,0,,,,2,0.0,12,9:57,0,0,0,1,0.0
1,2013-02-05,1,19-328,NYR,@,NJD,L,0,0,0,1,0,0,0,0,0,,,,2,0.0,20,14:25,1,0,1,0,100.0
2,2013-02-07,2,19-330,NYR,,NYI,W,2,0,2,2,0,1,1,0,0,,,,2,100.0,19,13:31,2,0,5,3,62.5
3,2013-02-10,3,19-333,NYR,,TBL,W,0,0,0,-1,0,0,0,0,0,,,,2,0.0,19,13:44,0,0,3,8,27.3
4,2013-02-12,4,19-335,NYR,@,BOS,W,0,0,0,1,0,0,0,0,0,,,,0,,15,12:24,7,0,2,7,22.2
5,2013-02-14,5,19-337,NYR,,NYI,L-SO,0,0,0,-1,0,0,0,0,0,,,,1,0.0,13,9:41,1,0,1,0,100.0
6,2013-02-17,6,19-340,NYR,,WSH,W,0,0,0,-1,2,0,0,0,0,,,,0,,14,13:52,1,0,0,1,0.0
7,2013-02-19,7,19-342,NYR,,MTL,L,0,0,0,-1,0,0,0,0,0,,,,1,0.0,16,16:15,3,0,2,0,100.0
8,2013-02-21,8,19-344,NYR,@,OTT,L-SO,0,1,1,0,0,0,0,0,0,,,,0,,16,9:42,2,0,1,0,100.0
9,2013-02-23,9,19-346,NYR,@,MTL,L,0,0,0,0,0,0,0,0,0,,,,0,,18,13:39,0,0,6,3,66.7
10,2013-02-26,10,19-349,NYR,,WPG,L,0,0,0,-2,2,0,0,0,0,,,,3,0.0,16,11:26,4,1,0,0,
11,2013-02-28,11,19-351,NYR,,TBL,W,0,1,1,1,0,0,0,0,0,,,,4,0.0,17,12:33,0,0,1,1,50.0
12,2013-03-03,12,19-354,NYR,,BUF,W,0,0,0,0,0,0,0,0,0,,,,3,0.0,16,13:42,2,0,1,1,50.0
13,2013-03-05,13,19-356,NYR,,PHI,W,0,0,0,2,0,0,0,0,0,,,,1,0.0,21,18:40,1,0,8,8,50.0
14,2013-03-07,14,19-358,NYR,@,NYI,W,0,0,0,0,0,0,0,0,0,,,,3,0.0,23,17:56,1,1,6,1,85.7
15,2013-03-08,15,19-359,NYR,,OTT,L,0,0,0,0,0,0,0,0,0,,,,2,0.0,17,11:24,2,0,3,2,60.0
16,2013-03-10,16,19-361,NYR,@,WSH,W,0,0,0,-1,0,0,0,0,0,,,,3,0.0,19,15:10,3,1,1,1,50.0
17,2013-03-12,17,19-363,NYR,@,BUF,L,0,0,0,-1,0,0,0,0,0,,,,1,0.0,15,13:04,2,0,1,0,100.0
18,2013-03-14,18,20-000,NYR,@,WPG,L,0,0,0,0,0,0,0,0,0,,,,1,0.0,13,10:09,1,1,0,0,
19,2013-03-16,19,20-002,NYR,@,PIT,L,0,0,0,-1,2,0,0,0,0,,,,0,,17,12:30,5,0,0,0,
20,2013-03-18,20,20-004,NYR,,CAR,W,0,0,0,0,0,0,0,0,0,,,,0,,15,14:41,3,0,0,0,
21,2013-03-19,21,20-005,NYR,@,NJD,W,0,0,0,0,2,0,0,0,0,,,,2,0.0,18,13:38,0,2,0,0,
22,2013-03-21,22,20-007,NYR,,FLA,L,0,0,0,0,0,0,0,0,0,,,,4,0.0,16,13:18,2,1,0,1,0.0
23,2013-03-26,23,20-012,NYR,@,PHI,W,0,0,0,-1,0,0,0,0,0,,,,2,0.0,20,17:11,1,0,10,3,76.9
24,2013-03-28,24,20-014,NYR,@,OTT,L,0,0,0,-1,0,0,0,0,0,,,,2,0.0,20,17:22,2,3,6,7,46.2
25,2013-03-30,25,20-016,NYR,@,MTL,L,0,0,0,-1,0,0,0,0,0,,,,3,0.0,19,14:32,0,1,4,8,33.3
26,2013-04-01,26,20-018,NYR,,WPG,W,0,0,0,-2,0,0,0,0,0,,,,1,0.0,6,7:08,1,1,1,0,100.0