Rk,Date,G,Age,Tm,,Opp,,G,A,PTS,+/-,PIM,EV,PP,SH,GW,EV,PP,SH,S,S%,SHFT,TOI,HIT,BLK,FOW,FOL,FO%
1,2023-10-12,1,26-169,MIN,,FLA,W,0,1,1,0,0,0,0,0,0,0,1,0,4,0.0,18,19:28,0,1,0,0,
2,2023-10-14,2,26-171,MIN,@,TOR,L,0,1,1,-2,0,0,0,0,0,1,0,0,2,0.0,21,22:04,1,0,0,0,
3,2023-10-17,3,26-174,MIN,@,MTL,W,1,2,3,-1,0,0,1,0,0,0,2,0,6,16.7,19,22:04,0,0,0,0,
4,2023-10-19,4,26-176,MIN,,LAK,L,1,0,1,-2,0,1,0,0,0,0,0,0,4,25.0,20,20:40,1,0,0,0,
5,2023-10-21,5,26-178,MIN,,CBJ,L-OT,0,0,0,0,0,0,0,0,0,0,0,0,3,0.0,22,21:54,0,2,0,0,
6,2023-10-24,6,26-181,MIN,,EDM,W,0,3,3,3,0,0,0,0,0,3,0,0,3,0.0,17,18:05,0,0,0,0,
7,2023-10-26,7,26-183,MIN,@,PHI,L,0,0,0,-3,0,0,0,0,0,0,0,0,3,0.0,18,22:48,0,2,0,0,
8,2023-10-27,8,26-184,MIN,@,WSH,L-SO,0,0,0,0,0,0,0,0,0,0,0,0,6,0.0,23,24:56,0,0,0,0,
9,2023-10-29,9,26-186,MIN,@,NJD,L,0,0,0,-1,0,0,0,0,0,0,0,0,6,0.0,21,27:30,1,1,0,0,
10,2023-11-02,10,26-190,MIN,,NJD,L,1,0,1,1,2,0,1,0,0,0,0,0,2,50.0,20,22:04,1,0,0,0,
11,2023-11-04,11,26-192,MIN,,NYR,W,0,1,1,-1,0,0,0,0,0,1,0,0,6,0.0,19,24:11,0,0,0,0,
12,2023-11-07,12,26-195,MIN,@,NYI,W,1,0,1,0,0,0,1,0,1,0,0,0,4,25.0,17,17:13,0,0,0,1,0.0
13,2023-11-09,13,26-197,MIN,@,NYR,L,0,0,0,-2,0,0,0,0,0,0,0,0,2,0.0,16,19:34,1,0,0,0,
14,2023-11-10,14,26-198,MIN,@,BUF,L,1,1,2,-1,2,0,1,0,0,0,1,0,4,25.0,19,20:56,0,0,0,0,
15,2023-11-12,15,26-200,MIN,,DAL,L,0,1,1,-2,0,0,0,0,0,0,1,0,1,0.0,18,16:49,2,0,0,0,
16,2023-11-18,16,26-206,MIN,@,OTT,L-SO,0,0,0,1,0,0,0,0,0,0,0,0,1,0.0,23,21:31,3,0,0,0,
17,2023-11-19,17,26-207,MIN,,TOR,L-OT,0,0,0,2,0,0,0,0,0,0,0,0,4,0.0,21,19:39,2,1,0,0,
18,2023-11-24,18,26-212,MIN,,COL,L,1,1,2,0,0,1,0,0,0,0,1,0,1,100.0,18,19:45,1,0,0,0,
19,2023-11-26,19,26-214,MIN,@,DET,L,0,1,1,-2,0,0,0,0,0,0,1,0,6,0.0,18,25:08,1,1,0,0,
20,2023-11-28,20,26-216,MIN,,STL,W,0,0,0,1,0,0,0,0,0,0,0,0,2,0.0,19,19:38,0,1,0,0,
21,2023-11-30,21,26-218,MIN,@,NSH,W,1,1,2,2,6,0,1,0,0,1,0,0,1,100.0,20,17:35,0,1,0,0,
22,2023-12-03,22,26-221,MIN,,CHI,W,0,1,1,2,0,0,0,0,0,1,0,0,2,0.0,17,17:22,0,0,0,0,
23,2023-12-05,23,26-223,MIN,@,CGY,W,1,1,2,1,0,1,0,0,0,0,1,0,5,20.0,23,21:37,0,1,0,0,
24,2023-12-07,24,26-225,MIN,@,VAN,L,0,0,0,-1,0,0,0,0,0,0,0,0,2,0.0,23,20:41,0,0,0,0,
25,2023-12-08,25,26-226,MIN,@,EDM,L,0,0,0,-1,0,0,0,0,0,0,0,0,2,0.0,22,21:53,1,0,0,0,
26,2023-12-10,26,26-228,MIN,@,SEA,W,0,1,1,1,0,0,0,0,0,1,0,0,2,0.0,19,17:38,1,3,0,0,
27,2023-12-14,27,26-232,MIN,,CGY,W,0,0,0,0,0,0,0,0,0,0,0,0,2,0.0,19,20:24,0,0,0,0,
28,2023-12-16,28,26-234,MIN,,VAN,W,0,0,0,0,0,0,0,0,0,0,0,0,3,0.0,24,22:07,0,0,0,0,
29,2023-12-18,29,26-236,MIN,@,PIT,L,0,1,1,1,2,0,0,0,0,1,0,0,3,0.0,19,20:58,0,0,0,0,
30,2023-12-19,30,26-237,MIN,@,BOS,W,2,0,2,1,0,2,0,0,1,0,0,0,7,28.6,26,25:03,2,0,0,0,
31,2023-12-21,31,26-239,MIN,,MTL,W,1,2,3,2,0,1,0,0,1,0,2,0,2,50.0,28,29:09,0,1,0,0,
32,2023-12-23,32,26-241,MIN,,BOS,W,1,0,1,1,2,1,0,0,0,0,0,0,2,50.0,25,21:34,1,0,0,0,
33,2023-12-27,33,26-245,MIN,,DET,W,1,1,2,1,0,1,0,0,0,1,0,0,6,16.7,20,20:15,0,1,0,0,
34,2023-12-30,34,26-248,MIN,@,WPG,L,0,1,1,0,0,0,0,0,0,1,0,0,1,0.0,16,15:30,0,1,0,0,
35,2024-01-13,35,26-262,MIN,,ARI,L,0,0,0,0,0,0,0,0,0,0,0,0,5,0.0,20,20:34,2,0,0,0,
36,2024-01-15,36,26-264,MIN,,NYI,W,0,1,1,0,4,0,0,0,0,0,1,0,5,0.0,19,17:23,0,1,0,0,
37,2024-01-18,37,26-267,MIN,@,TBL,L,0,1,1,3,2,0,0,0,0,1,0,0,3,0.0,21,21:51,0,0,0,0,
38,2024-01-19,38,26-268,MIN,@,FLA,W,2,1,3,-3,0,0,2,0,1,0,1,0,3,66.7,22,20:35,2,0,0,0,
39,2024-01-21,39,26-270,MIN,@,CAR,W,3,0,3,3,0,3,0,0,0,0,0,0,5,60.0,19,20:18,1,2,0,0,
40,2024-01-23,40,26-272,MIN,,WSH,W,0,0,0,1,0,0,0,0,0,0,0,0,0,,18,18:36,0,1,0,0,
41,2024-01-25,41,26-274,MIN,,NSH,L,0,2,2,-2,2,0,0,0,0,0,2,0,2,0.0,25,22:20,0,2,0,0,
42,2024-01-27,42,26-276,MIN,,ANA,L,1,0,1,2,0,1,0,0,0,0,0,0,4,25.0,22,26:35,0,0,0,0,
43,2024-02-07,43,26-287,MIN,@,CHI,W,0,0,0,-1,0,0,0,0,0,0,0,0,3,0.0,23,21:05,0,0,0,0,
44,2024-02-09,44,26-289,MIN,,PIT,W,1,1,2,0,4,1,0,0,1,0,1,0,2,50.0,27,21:01,0,1,0,0,
45,2024-02-12,45,26-292,MIN,@,VEG,W,0,2,2,1,0,0,0,0,0,1,1,0,6,0.0,18,19:47,1,0,0,0,
46,2024-02-14,46,26-294,MIN,@,ARI,W,0,1,1,1,0,0,0,0,0,0,1,0,8,0.0,21,23:36,2,1,0,0,
47,2024-02-17,47,26-297,MIN,,BUF,L-OT,0,1,1,-1,0,0,0,0,0,1,0,0,4,0.0,23,20:12,1,1,0,0,
48,2024-02-19,48,26-299,MIN,,VAN,W,3,3,6,2,0,2,1,0,1,1,2,0,7,42.9,23,20:41,0,2,0,0,
49,2024-02-20,49,26-300,MIN,@,WPG,L,1,1,2,-2,0,0,1,0,0,1,0,0,3,33.3,20,17:28,0,0,0,0,
50,2024-02-23,50,26-303,MIN,@,EDM,W,0,1,1,2,0,0,0,0,0,1,0,0,3,0.0,21,20:29,2,1,0,0,
51,2024-02-24,51,26-304,MIN,@,SEA,W,2,1,3,0,0,1,1,0,0,0,1,0,4,50.0,19,21:11,1,0,0,0,
52,2024-02-27,52,26-307,MIN,,CAR,L,0,0,0,-1,0,0,0,0,0,0,0,0,6,0.0,20,22:58,2,1,0,0,
53,2024-02-29,53,26-309,MIN,@,NSH,L,0,0,0,0,0,0,0,0,0,0,0,0,4,0.0,19,21:02,2,2,0,0,
54,2024-03-02,54,26-311,MIN,@,STL,L,0,0,0,-1,0,0,0,0,0,0,0,0,3,0.0,18,22:16,0,0,0,0,
55,2024-03-03,55,26-312,MIN,,SJS,W,3,0,3,1,0,3,0,0,1,0,0,0,5,60.0,24,22:18,2,0,0,0,
56,2024-03-07,56,26-316,MIN,@,ARI,W,1,0,1,2,0,0,1,0,0,0,0,0,1,100.0,21,18:58,2,0,0,0,
57,2024-03-08,57,26-317,MIN,@,COL,L-OT,0,1,1,0,2,0,0,0,0,1,0,0,3,0.0,22,21:23,0,0,0,0,
58,2024-03-10,58,26-319,MIN,,NSH,W,1,1,2,1,0,0,1,0,0,1,0,0,2,50.0,27,24:25,4,1,0,0,
59,2024-03-12,59,26-321,MIN,,ARI,W,2,1,3,1,0,2,0,0,0,0,1,0,3,66.7,22,22:10,0,0,0,0,
60,2024-03-14,60,26-323,MIN,,ANA,W,1,0,1,1,0,1,0,0,0,0,0,0,8,12.5,20,21:19,2,0,0,0,
61,2024-03-16,61,26-325,MIN,@,STL,L-SO,1,1,2,1,0,1,0,0,0,1,0,0,4,25.0,29,24:01,2,1,0,0,
62,2024-03-19,62,26-328,MIN,@,ANA,W,1,0,1,0,0,0,1,0,0,0,0,0,5,20.0,17,20:41,0,0,0,0,
63,2024-03-20,63,26-329,MIN,@,LAK,L,0,0,0,-2,0,0,0,0,0,0,0,0,4,0.0,19,22:41,0,0,0,0,
64,2024-03-23,64,26-332,MIN,,STL,L-OT,0,2,2,1,0,0,0,0,0,2,0,0,5,0.0,26,24:59,2,1,0,0,
65,2024-03-28,65,26-337,MIN,,SJS,W,0,2,2,3,0,0,0,0,0,2,0,0,2,0.0,19,21:52,0,0,0,0,
66,2024-03-30,66,26-339,MIN,,VEG,L-OT,1,0,1,-1,0,0,1,0,0,0,0,0,4,25.0,23,22:40,2,0,0,0,
67,2024-04-02,67,26-342,MIN,,OTT,W,0,1,1,1,0,0,0,0,0,1,0,0,2,0.0,21,23:03,0,0,0,0,
68,2024-04-04,68,26-344,MIN,,COL,L,0,1,1,-2,2,0,0,0,0,0,1,0,4,0.0,20,24:45,1,0,0,0,
69,2024-04-06,69,26-346,MIN,,WPG,L,2,0,2,0,2,1,1,0,0,0,0,0,5,40.0,19,24:17,1,1,0,0,
70,2024-04-07,70,26-347,MIN,@,CHI,W,2,1,3,2,0,1,1,0,1,1,0,0,4,50.0,19,24:01,0,1,0,0,
71,2024-04-09,71,26-349,MIN,@,COL,L,1,0,1,-4,2,0,1,0,0,0,0,0,4,25.0,23,25:45,0,0,0,0,
72,2024-04-12,72,26-352,MIN,@,VEG,L,0,0,0,0,0,0,0,0,0,0,0,0,5,0.0,22,19:23,1,0,0,0,
73,2024-04-13,73,26-353,MIN,@,SJS,W,2,1,3,1,2,1,1,0,0,1,0,0,6,33.3,22,24:25,0,0,0,0,
74,2024-04-15,74,26-355,MIN,@,LAK,W,1,1,2,1,0,1,0,0,0,1,0,0,5,20.0,25,24:25,1,0,0,0,
75,2024-04-18,75,26-358,MIN,,SEA,L,1,0,1,-1,0,0,1,0,0,0,0,0,6,16.7,21,23:04,0,1,0,0,
1,2022-10-13,1,25-170,MIN,,NYR,L,0,1,1,-4,2,0,0,0,0,0,1,0,4,0.0,18,21:06,1,0,0,0,
2,2022-10-15,2,25-172,MIN,,LAK,L,1,1,2,-1,2,0,1,0,0,0,1,0,4,25.0,21,22:26,2,0,0,0,
3,2022-10-17,3,25-174,MIN,,COL,L,2,0,2,-3,0,1,1,0,0,0,0,0,5,40.0,20,22:49,2,0,0,0,
4,2022-10-20,4,25-177,MIN,,VAN,W,1,2,3,1,0,1,0,0,1,1,1,0,7,14.3,24,24:09,1,0,0,0,
5,2022-10-22,5,25-179,MIN,@,BOS,L-OT,0,0,0,1,2,0,0,0,0,0,0,0,1,0.0,21,21:36,2,1,0,0,
6,2022-10-25,6,25-182,MIN,@,MTL,W,0,0,0,0,0,0,0,0,0,0,0,0,2,0.0,18,20:26,0,0,0,1,0.0
7,2022-10-27,7,25-184,MIN,@,OTT,W,1,1,2,1,0,1,0,0,0,0,1,0,4,25.0,20,18:50,2,1,0,0,
8,2022-10-29,8,25-186,MIN,@,DET,L,1,0,1,0,0,1,0,0,0,0,0,0,5,20.0,20,19:46,0,1,0,0,
9,2022-10-30,9,25-187,MIN,@,CHI,W,0,0,0,-1,0,0,0,0,0,0,0,0,3,0.0,25,23:37,0,1,0,0,
10,2022-11-01,10,25-189,MIN,,MTL,W,2,0,2,1,0,1,1,0,1,0,0,0,5,40.0,19,19:57,1,0,0,0,
11,2022-11-03,11,25-191,MIN,,SEA,L,0,0,0,0,2,0,0,0,0,0,0,0,3,0.0,24,23:43,0,0,0,0,
12,2022-11-08,12,25-196,MIN,@,LAK,L,0,0,0,0,5,0,0,0,0,0,0,0,3,0.0,13,10:26,0,0,0,0,
13,2022-11-09,13,25-197,MIN,@,ANA,W,2,0,2,-1,0,0,2,0,0,0,0,0,9,22.2,21,22:44,1,0,0,0,
14,2022-11-11,14,25-199,MIN,@,SEA,W,0,1,1,1,0,0,0,0,0,1,0,0,2,0.0,18,18:19,1,0,0,0,
15,2022-11-13,15,25-201,MIN,,SJS,L-SO,0,1,1,0,0,0,0,0,0,1,0,0,4,0.0,23,23:25,1,0,0,0,
16,2022-11-15,16,25-203,MIN,@,NSH,L,0,1,1,1,0,0,0,0,0,1,0,0,3,0.0,20,21:38,0,0,0,0,
17,2022-11-17,17,25-205,MIN,,PIT,L,0,1,1,-2,0,0,0,0,0,1,0,0,3,0.0,17,17:50,1,1,0,0,
18,2022-11-19,18,25-207,MIN,,CAR,W,0,1,1,1,0,0,0,0,0,1,0,0,5,0.0,25,23:33,0,2,0,0,
19,2022-11-23,19,25-211,MIN,,WPG,W,1,1,2,-1,0,0,1,0,0,0,1,0,5,20.0,17,20:19,3,0,0,1,0.0
20,2022-11-25,20,25-213,MIN,,TOR,L,1,1,2,0,0,0,1,0,0,1,0,0,9,11.1,21,22:37,1,0,0,0,
21,2022-11-27,21,25-215,MIN,,ARI,W,1,2,3,0,0,1,0,0,0,1,1,0,5,20.0,23,22:36,1,0,0,0,
22,2022-12-01,22,25-219,MIN,,EDM,W,1,2,3,1,0,0,1,0,0,1,1,0,3,33.3,19,18:28,0,0,0,0,
23,2022-12-03,23,25-221,MIN,,ANA,W,1,0,1,0,2,1,0,0,0,0,0,0,5,20.0,23,23:54,1,0,0,0,
24,2022-12-04,24,25-222,MIN,@,DAL,W,1,0,1,-3,0,0,1,0,0,0,0,0,3,33.3,23,22:06,1,0,0,0,
25,2022-12-07,25,25-225,MIN,@,CGY,L,1,0,1,0,0,1,0,0,0,0,0,0,5,20.0,17,20:29,0,1,0,0,
26,2022-12-09,26,25-227,MIN,@,EDM,L,0,1,1,-1,0,0,0,0,0,0,1,0,6,0.0,19,21:58,1,0,0,0,
27,2022-12-10,27,25-228,MIN,@,VAN,W,0,0,0,1,0,0,0,0,0,0,0,0,2,0.0,20,19:37,1,3,0,0,
28,2022-12-12,28,25-230,MIN,,EDM,W,0,1,1,0,0,0,0,0,0,0,1,0,3,0.0,18,18:38,1,1,0,0,
29,2022-12-14,29,25-232,MIN,,DET,W,0,1,1,0,0,0,0,0,0,1,0,0,3,0.0,20,20:18,0,0,0,0,
30,2022-12-16,30,25-234,MIN,,CHI,W,1,2,3,3,2,1,0,0,1,2,0,0,3,33.3,19,18:43,0,1,0,0,
31,2022-12-18,31,25-236,MIN,,OTT,W,1,2,3,2,0,1,0,0,0,2,0,0,4,25.0,18,17:52,0,1,0,0,
32,2022-12-21,32,25-239,MIN,@,ANA,W,0,0,0,-1,0,0,0,0,0,0,0,0,3,0.0,16,21:46,0,0,0,1,0.0
33,2022-12-22,33,25-240,MIN,@,SJS,L,0,1,1,1,0,0,0,0,0,1,0,0,2,0.0,21,22:54,1,0,0,0,
34,2022-12-27,34,25-245,MIN,@,WPG,W,0,1,1,1,0,0,0,0,0,1,0,0,2,0.0,15,18:23,0,0,0,0,
35,2022-12-29,35,25-247,MIN,,DAL,L,1,0,1,0,0,1,0,0,0,0,0,0,2,50.0,18,20:06,2,0,0,0,
36,2022-12-31,36,25-249,MIN,@,STL,W,0,0,0,0,0,0,0,0,0,0,0,0,3,0.0,18,20:20,2,0,1,0,100.0
37,2023-01-04,37,25-253,MIN,,TBL,W,2,0,2,2,0,1,1,0,1,0,0,0,6,33.3,14,17:10,1,0,0,0,
38,2023-01-07,38,25-256,MIN,@,BUF,L-OT,1,0,1,-2,4,0,1,0,0,0,0,0,6,16.7,23,20:37,1,0,0,0,
39,2023-01-08,39,25-257,MIN,,STL,L,0,0,0,-1,0,0,0,0,0,0,0,0,6,0.0,19,26:39,0,0,0,0,
40,2023-01-10,40,25-259,MIN,@,NYR,L-SO,1,0,1,2,0,1,0,0,0,0,0,0,3,33.3,22,20:24,1,0,0,0,
41,2023-01-12,41,25-261,MIN,@,NYI,W,1,1,2,2,0,1,0,0,0,1,0,0,5,20.0,17,20:11,1,1,0,0,
42,2023-01-14,42,25-263,MIN,,ARI,W,0,1,1,0,0,0,0,0,0,0,1,0,2,0.0,16,17:49,1,2,0,0,
43,2023-01-17,43,25-266,MIN,@,WSH,W,0,0,0,0,0,0,0,0,0,0,0,0,0,,15,18:21,1,0,0,0,
44,2023-01-19,44,25-268,MIN,@,CAR,L,1,0,1,-1,4,0,1,0,0,0,0,0,2,50.0,22,21:28,0,0,0,0,
45,2023-01-21,45,25-270,MIN,@,FLA,L,0,3,3,0,0,0,0,0,0,1,2,0,1,0.0,19,22:21,1,0,0,0,
46,2023-01-24,46,25-273,MIN,@,TBL,L,1,0,1,-1,0,0,1,0,0,0,0,0,3,33.3,17,21:08,1,0,0,0,
47,2023-01-26,47,25-275,MIN,,PHI,W,0,1,1,1,2,0,0,0,0,0,1,0,3,0.0,22,22:19,0,0,0,0,
48,2023-01-28,48,25-277,MIN,,BUF,W,0,1,1,0,0,0,0,0,0,0,1,0,5,0.0,21,23:35,4,0,0,0,
49,2023-02-06,49,25-286,MIN,@,ARI,L,1,0,1,-1,0,1,0,0,0,0,0,0,4,25.0,20,20:52,2,0,0,0,
50,2023-02-08,50,25-288,MIN,@,DAL,L,0,1,1,-1,0,0,0,0,0,0,1,0,2,0.0,20,22:54,1,1,0,0,
51,2023-02-09,51,25-289,MIN,,VEG,L,1,0,1,-1,0,0,1,0,0,0,0,0,3,33.3,19,17:31,4,0,0,0,
52,2023-02-11,52,25-291,MIN,,NJD,W,0,0,0,1,2,0,0,0,0,0,0,0,2,0.0,26,24:05,0,0,0,0,
53,2023-02-13,53,25-293,MIN,,FLA,L-SO,1,0,1,0,0,1,0,0,0,0,0,0,6,16.7,24,23:51,1,2,0,0,
54,2023-02-15,54,25-295,MIN,,COL,L,1,0,1,1,0,1,0,0,0,0,0,0,2,50.0,22,24:37,0,0,0,0,
55,2023-02-17,55,25-297,MIN,,DAL,W,0,0,0,0,0,0,0,0,0,0,0,0,5,0.0,22,23:20,1,0,0,0,
56,2023-02-19,56,25-299,MIN,,NSH,W,2,0,2,1,2,1,1,0,0,0,0,0,6,33.3,18,20:58,2,1,0,0,
57,2023-02-21,57,25-301,MIN,,LAK,W,0,1,1,2,0,0,0,0,0,1,0,0,1,0.0,21,22:50,1,3,0,0,
58,2023-02-23,58,25-303,MIN,@,CBJ,W,1,0,1,1,0,1,0,0,0,0,0,0,4,25.0,18,20:17,0,2,0,0,
59,2023-02-24,59,25-304,MIN,@,TOR,L-OT,0,0,0,-1,0,0,0,0,0,0,0,0,2,0.0,20,21:07,4,0,0,0,
60,2023-02-26,60,25-306,MIN,,CBJ,W,3,0,3,2,0,2,1,0,1,0,0,0,8,37.5,23,25:36,4,2,0,0,
61,2023-02-28,61,25-308,MIN,,NYI,W,0,0,0,-1,0,0,0,0,0,0,0,0,6,0.0,23,24:21,2,0,0,0,
62,2023-03-02,62,25-310,MIN,@,VAN,W,2,0,2,2,2,2,0,0,1,0,0,0,9,22.2,18,21:55,0,0,0,0,
63,2023-03-04,63,25-312,MIN,@,CGY,W,0,0,0,0,2,0,0,0,0,0,0,0,2,0.0,23,20:06,1,0,0,0,
64,2023-03-07,64,25-315,MIN,,CGY,L-SO,0,0,0,0,0,0,0,0,0,0,0,0,6,0.0,25,23:18,0,0,1,0,100.0
65,2023-03-08,65,25-316,MIN,@,WPG,W,0,1,1,1,0,0,0,0,0,1,0,0,0,,14,14:50,0,0,0,0,
66,2023-04-08,66,25-347,MIN,,STL,W,0,0,0,0,0,0,0,0,0,0,0,0,3,0.0,21,20:26,0,0,0,0,
67,2023-04-11,67,25-350,MIN,,WPG,L,1,0,1,-2,0,0,1,0,0,0,0,0,8,12.5,21,22:13,1,0,0,0,
1,2021-10-15,1,24-172,MIN,@,ANA,W,0,1,1,0,0,0,0,0,0,0,1,0,3,0.0,17,20:09,0,0,0,0,
2,2021-10-16,2,24-173,MIN,@,LAK,W,0,1,1,1,0,0,0,0,0,1,0,0,1,0.0,17,15:21,3,0,0,0,
3,2021-10-19,3,24-176,MIN,,WPG,W,0,3,3,2,4,0,0,0,0,2,1,0,3,0.0,23,22:17,2,0,0,0,
4,2021-10-23,4,24-180,MIN,,ANA,W,0,0,0,-1,4,0,0,0,0,0,0,0,3,0.0,21,22:43,3,0,0,0,
5,2021-10-24,5,24-181,MIN,,NSH,L,0,0,0,-2,0,0,0,0,0,0,0,0,3,0.0,19,18:00,1,0,0,0,
6,2021-10-26,6,24-183,MIN,@,VAN,W,0,0,0,0,0,0,0,0,0,0,0,0,4,0.0,21,17:55,1,0,0,0,
7,2021-10-28,7,24-185,MIN,@,SEA,L,0,1,1,-2,0,0,0,0,0,1,0,0,6,0.0,20,18:54,1,0,0,0,
8,2021-10-30,8,24-187,MIN,@,COL,L,0,0,0,-1,0,0,0,0,0,0,0,0,3,0.0,21,19:36,0,1,0,0,
9,2021-11-02,9,24-190,MIN,,OTT,W,1,1,2,1,0,1,0,0,1,1,0,0,6,16.7,26,19:57,0,0,0,0,
10,2021-11-06,10,24-194,MIN,@,PIT,W,1,0,1,0,0,1,0,0,0,0,0,0,5,20.0,24,22:51,1,1,0,0,
11,2021-11-07,11,24-195,MIN,,NYI,W,0,0,0,0,0,0,0,0,0,0,0,0,4,0.0,17,20:12,0,0,0,0,
12,2021-11-10,12,24-198,MIN,@,ARI,W,1,0,1,-1,0,0,1,0,0,0,0,0,1,100.0,16,19:29,1,0,1,0,100.0
13,2021-11-11,13,24-199,MIN,@,VEG,L,0,1,1,1,0,0,0,0,0,1,0,0,2,0.0,18,22:59,1,0,0,0,
14,2021-11-13,14,24-201,MIN,@,SEA,W,0,0,0,0,0,0,0,0,0,0,0,0,3,0.0,18,16:00,1,0,0,0,
15,2021-11-16,15,24-204,MIN,,SJS,L,0,0,0,-2,0,0,0,0,0,0,0,0,2,0.0,20,18:37,1,0,0,0,
16,2021-11-18,16,24-206,MIN,,DAL,W,1,3,4,4,0,1,0,0,0,3,0,0,2,50.0,21,16:52,0,1,0,0,
17,2021-11-20,17,24-208,MIN,@,FLA,L,1,1,2,0,0,1,0,0,0,0,1,0,6,16.7,19,22:00,6,1,0,0,
18,2021-11-21,18,24-209,MIN,@,TBL,L-SO,0,1,1,0,0,0,0,0,0,1,0,0,2,0.0,21,22:00,0,0,0,0,
19,2021-11-24,19,24-212,MIN,@,NJD,W,0,0,0,1,0,0,0,0,0,0,0,0,3,0.0,18,18:19,1,1,0,0,
20,2021-11-26,20,24-214,MIN,,WPG,W,1,3,4,4,0,1,0,0,0,3,0,0,6,16.7,18,16:15,0,0,0,0,
21,2021-11-28,21,24-216,MIN,,TBL,W,0,1,1,0,0,0,0,0,0,1,0,0,3,0.0,18,16:31,0,0,0,0,
22,2021-11-30,22,24-218,MIN,,ARI,W,1,1,2,2,0,1,0,0,0,1,0,0,3,33.3,16,17:34,0,0,0,1,0.0
23,2021-12-02,23,24-220,MIN,,NJD,W,2,1,3,4,0,2,0,0,1,1,0,0,4,50.0,19,18:52,0,0,1,1,50.0
24,2021-12-04,24,24-222,MIN,,TOR,W,0,1,1,-1,0,0,0,0,0,0,1,0,5,0.0,23,21:07,1,0,0,0,
25,2021-12-07,25,24-225,MIN,@,EDM,W,0,1,1,1,0,0,0,0,0,1,0,0,1,0.0,17,16:25,0,1,0,0,
26,2021-12-09,26,24-227,MIN,@,SJS,W,1,1,2,1,0,1,0,0,0,0,1,0,3,33.3,18,17:03,0,2,0,0,
27,2021-12-11,27,24-229,MIN,@,LAK,L,0,0,0,0,2,0,0,0,0,0,0,0,5,0.0,18,19:04,2,1,0,0,
28,2021-12-12,28,24-230,MIN,@,VEG,L,0,0,0,-1,0,0,0,0,0,0,0,0,6,0.0,18,21:22,2,0,0,0,
29,2021-12-16,29,24-234,MIN,,BUF,L-SO,1,0,1,2,0,1,0,0,0,0,0,0,4,25.0,19,18:33,1,1,0,0,
30,2021-12-20,30,24-238,MIN,@,DAL,L,1,2,3,-2,0,1,0,0,0,1,1,0,3,33.3,19,24:47,2,0,0,0,
31,2022-01-01,31,24-250,MIN,,STL,L,1,2,3,1,0,1,0,0,0,2,0,0,3,33.3,20,20:31,1,0,0,1,0.0
32,2022-01-06,32,24-255,MIN,@,BOS,W,1,0,1,0,2,0,1,0,0,0,0,0,2,50.0,13,10:27,2,0,0,0,
33,2022-01-14,33,24-263,MIN,,ANA,W,0,2,2,3,0,0,0,0,0,2,0,0,7,0.0,19,17:00,0,2,0,0,
34,2022-01-17,34,24-266,MIN,@,COL,L-SO,2,0,2,2,0,2,0,0,0,0,0,0,5,40.0,25,19:22,0,0,0,0,
35,2022-01-21,35,24-270,MIN,@,CHI,W,0,2,2,3,0,0,0,0,0,2,0,0,2,0.0,20,19:29,0,0,0,0,
36,2022-01-22,36,24-271,MIN,,CHI,W,1,0,1,-1,4,0,1,0,0,0,0,0,8,12.5,21,20:14,3,0,0,0,
37,2022-01-24,37,24-273,MIN,,MTL,W,0,2,2,0,0,0,0,0,0,1,1,0,2,0.0,18,18:33,0,0,0,0,
38,2022-01-28,38,24-277,MIN,@,NYR,W,0,1,1,-2,0,0,0,0,0,0,1,0,4,0.0,19,19:59,0,0,0,0,
39,2022-01-30,39,24-279,MIN,@,NYI,W,1,1,2,1,0,1,0,0,1,0,1,0,2,50.0,19,17:20,1,0,0,0,
40,2022-02-02,40,24-282,MIN,@,CHI,W,1,0,1,1,0,1,0,0,0,0,0,0,3,33.3,16,18:20,4,1,0,0,
41,2022-02-08,41,24-288,MIN,@,WPG,L,0,0,0,-1,0,0,0,0,0,0,0,0,7,0.0,17,19:23,2,0,0,0,
42,2022-02-12,42,24-292,MIN,,CAR,W,1,0,1,1,2,1,0,0,0,0,0,0,8,12.5,19,17:28,2,0,0,0,
43,2022-02-14,43,24-294,MIN,,DET,W,2,1,3,1,0,2,0,0,0,0,1,0,3,66.7,19,18:08,0,0,0,0,
44,2022-02-16,44,24-296,MIN,@,WPG,L,0,2,2,1,0,0,0,0,0,2,0,0,1,0.0,21,18:15,1,0,0,0,
45,2022-02-18,45,24-298,MIN,,FLA,L,1,1,2,-4,0,0,1,0,0,0,1,0,4,25.0,19,18:40,2,2,0,0,
46,2022-02-20,46,24-300,MIN,@,EDM,W,0,1,1,0,0,0,0,0,0,0,1,0,3,0.0,16,18:06,0,0,0,0,
47,2022-02-22,47,24-302,MIN,@,OTT,L,0,0,0,0,0,0,0,0,0,0,0,0,3,0.0,20,20:15,0,0,0,0,
48,2022-02-24,48,24-304,MIN,@,TOR,L,0,0,0,-1,0,0,0,0,0,0,0,0,1,0.0,18,19:40,2,2,0,0,
49,2022-02-26,49,24-306,MIN,@,CGY,L,1,0,1,0,4,1,0,0,0,0,0,0,5,20.0,20,19:55,0,0,0,0,
50,2022-03-01,50,24-309,MIN,,CGY,L,0,1,1,0,0,0,0,0,0,1,0,0,4,0.0,21,20:10,1,0,0,0,
51,2022-03-03,51,24-311,MIN,@,PHI,W,0,1,1,1,0,0,0,0,0,1,0,0,1,0.0,19,22:11,1,1,0,0,
52,2022-03-04,52,24-312,MIN,@,BUF,L,2,1,3,1,0,1,1,0,0,1,0,0,3,66.7,20,19:50,2,0,0,0,
53,2022-03-06,53,24-314,MIN,,DAL,L,2,0,2,0,0,2,0,0,0,0,0,0,4,50.0,22,24:48,1,0,0,0,
54,2022-03-08,54,24-316,MIN,,NYR,W,0,1,1,0,0,0,0,0,0,1,0,0,4,0.0,20,16:12,0,0,0,0,
55,2022-03-10,55,24-318,MIN,@,DET,W,1,0,1,0,0,1,0,0,0,0,0,0,4,25.0,20,19:10,3,1,0,0,
56,2022-03-11,56,24-319,MIN,@,CBJ,L-SO,1,0,1,1,0,0,1,0,0,0,0,0,3,33.3,21,19:21,0,1,0,0,
57,2022-03-13,57,24-321,MIN,,NSH,L,0,0,0,-4,0,0,0,0,0,0,0,0,3,0.0,23,16:20,1,0,0,0,
58,2022-03-16,58,24-324,MIN,,BOS,W,2,0,2,0,2,1,1,0,0,0,0,0,4,50.0,21,16:04,1,1,0,0,
59,2022-03-19,59,24-327,MIN,,CHI,W,0,1,1,1,0,0,0,0,0,1,0,0,5,0.0,20,18:07,0,0,0,0,
60,2022-03-21,60,24-329,MIN,,VEG,W,0,0,0,0,0,0,0,0,0,0,0,0,1,0.0,19,17:42,3,0,0,0,
61,2022-03-24,61,24-332,MIN,,VAN,W,1,1,2,1,0,1,0,0,0,1,0,0,5,20.0,22,17:21,0,0,0,0,
62,2022-03-26,62,24-334,MIN,,CBJ,W,2,0,2,1,2,1,1,0,0,0,0,0,4,50.0,20,17:40,2,1,0,0,
63,2022-03-27,63,24-335,MIN,,COL,W,1,0,1,1,0,0,1,0,0,0,0,0,4,25.0,18,17:03,2,1,0,0,
64,2022-03-29,64,24-337,MIN,,PHI,W,1,0,1,1,0,0,1,0,1,0,0,0,5,20.0,18,18:43,1,0,0,0,
65,2022-03-31,65,24-339,MIN,,PIT,L-OT,1,0,1,0,0,1,0,0,0,0,0,0,5,20.0,26,21:01,0,1,0,0,
66,2022-04-02,66,24-341,MIN,@,CAR,W,1,1,2,1,0,1,0,0,0,0,1,0,3,33.3,18,14:47,0,0,0,0,
67,2022-04-03,67,24-342,MIN,@,WSH,W,0,0,0,0,0,0,0,0,0,0,0,0,0,,16,18:04,0,1,0,0,
68,2022-04-05,68,24-344,MIN,@,NSH,L,1,1,2,1,2,0,1,0,0,1,0,0,5,20.0,22,22:10,0,0,0,0,
69,2022-04-08,69,24-347,MIN,@,STL,L-OT,1,0,1,0,0,1,0,0,0,0,0,0,4,25.0,20,19:10,0,0,1,0,100.0
70,2022-04-10,70,24-349,MIN,,LAK,W,1,0,1,0,0,0,1,0,0,0,0,0,4,25.0,19,18:18,0,0,1,0,100.0
71,2022-04-12,71,24-351,MIN,,EDM,W,0,2,2,2,0,0,0,0,0,2,0,0,4,0.0,17,17:34,0,1,0,0,
72,2022-04-14,72,24-353,MIN,@,DAL,W,0,0,0,-1,0,0,0,0,0,0,0,0,1,0.0,18,18:02,1,0,0,0,
73,2022-04-16,73,24-355,MIN,@,STL,L-OT,1,1,2,2,2,1,0,0,0,1,0,0,5,20.0,20,21:39,0,0,1,1,50.0
74,2022-04-17,74,24-356,MIN,,SJS,W,0,0,0,-2,0,0,0,0,0,0,0,0,3,0.0,21,20:31,0,0,0,0,
75,2022-04-19,75,24-358,MIN,@,MTL,W,0,1,1,0,0,0,0,0,0,0,1,0,2,0.0,17,21:39,1,0,0,0,
76,2022-04-21,76,24-360,MIN,,VAN,W,1,2,3,2,4,1,0,0,0,2,0,0,4,25.0,17,20:20,0,0,0,0,
77,2022-04-22,77,24-361,MIN,,SEA,W,1,3,4,0,0,0,1,0,0,1,2,0,2,50.0,20,21:20,0,0,0,0,
78,2022-04-24,78,24-363,MIN,@,NSH,W,0,2,2,0,0,0,0,0,0,1,1,0,5,0.0,22,22:36,0,0,0,0,
79,2022-04-26,79,25-000,MIN,,ARI,L,0,2,2,0,0,0,0,0,0,2,0,0,5,0.0,21,22:38,0,0,0,0,
80,2022-04-28,80,25-002,MIN,,CGY,W,1,0,1,0,0,0,1,0,1,0,0,0,4,25.0,18,15:37,1,0,0,0,
81,2022-04-29,81,25-003,MIN,,COL,W,1,1,2,2,0,1,0,0,0,1,0,0,1,100.0,21,18:47,1,3,0,0,
1,2021-01-14,1,23-263,MIN,@,LAK,W,1,2,3,3,0,1,0,0,1,2,0,0,2,50.0,23,21:52,1,0,0,1,0.0
2,2021-01-16,2,23-265,MIN,@,LAK,W,0,1,1,0,2,0,0,0,0,1,0,0,2,0.0,21,19:05,0,0,0,0,
3,2021-01-18,3,23-267,MIN,@,ANA,L,0,0,0,-1,0,0,0,0,0,0,0,0,3,0.0,18,19:24,0,0,0,0,
4,2021-01-20,4,23-269,MIN,@,ANA,W,0,1,1,1,0,0,0,0,0,1,0,0,0,,16,16:46,3,0,0,0,
5,2021-01-22,5,23-271,MIN,,SJS,W,0,0,0,0,0,0,0,0,0,0,0,0,3,0.0,18,15:27,0,0,0,0,
6,2021-01-24,6,23-273,MIN,,SJS,L,0,1,1,1,0,0,0,0,0,1,0,0,2,0.0,19,19:36,0,0,0,1,0.0
7,2021-01-26,7,23-275,MIN,,LAK,L,0,0,0,-1,0,0,0,0,0,0,0,0,0,,16,19:52,0,2,0,0,
8,2021-01-28,8,23-277,MIN,,LAK,W,1,0,1,2,0,1,0,0,0,0,0,0,2,50.0,22,17:49,1,0,0,0,
9,2021-01-30,9,23-279,MIN,,COL,L,0,0,0,0,0,0,0,0,0,0,0,0,0,,25,19:00,0,0,0,0,
10,2021-01-31,10,23-280,MIN,,COL,W,0,1,1,0,0,0,0,0,0,1,0,0,1,0.0,20,16:17,0,0,0,0,
11,2021-02-02,11,23-282,MIN,@,COL,L,1,0,1,-1,0,0,1,0,0,0,0,0,2,50.0,18,20:35,0,1,0,0,
12,2021-02-16,12,23-296,MIN,@,LAK,L,0,0,0,-2,0,0,0,0,0,0,0,0,5,0.0,21,20:54,1,0,0,0,
13,2021-02-18,13,23-298,MIN,@,ANA,W,0,0,0,0,0,0,0,0,0,0,0,0,2,0.0,15,14:39,0,0,1,1,50.0
14,2021-02-20,14,23-300,MIN,@,ANA,W,0,2,2,1,0,0,0,0,0,2,0,0,0,,18,16:45,0,1,0,0,
15,2021-02-22,15,23-302,MIN,@,SJS,W,1,1,2,3,0,1,0,0,0,1,0,0,2,50.0,16,14:49,0,0,0,2,0.0
16,2021-02-24,16,23-304,MIN,@,COL,W,0,2,2,1,0,0,0,0,0,2,0,0,1,0.0,19,15:18,0,0,0,1,0.0
17,2021-02-26,17,23-306,MIN,,LAK,W,1,0,1,1,0,1,0,0,0,0,0,0,1,100.0,17,18:15,1,0,0,0,
18,2021-02-27,18,23-307,MIN,,LAK,W,1,0,1,1,0,1,0,0,0,0,0,0,4,25.0,19,19:37,1,0,0,0,
19,2021-03-01,19,23-309,MIN,@,VEG,L-OT,0,0,0,-1,0,0,0,0,0,0,0,0,3,0.0,22,23:19,0,1,0,1,0.0
20,2021-03-03,20,23-311,MIN,@,VEG,L,0,0,0,-1,0,0,0,0,0,0,0,0,5,0.0,20,21:08,2,0,0,0,
21,2021-03-05,21,23-313,MIN,@,ARI,W,0,2,2,1,0,0,0,0,0,2,0,0,3,0.0,18,18:59,0,0,0,0,
22,2021-03-06,22,23-314,MIN,@,ARI,L,0,0,0,-3,0,0,0,0,0,0,0,0,2,0.0,19,17:20,0,1,1,1,50.0
23,2021-03-08,23,23-316,MIN,,VEG,W,0,0,0,0,0,0,0,0,0,0,0,0,2,0.0,18,17:01,0,0,0,1,0.0
24,2021-03-10,24,23-318,MIN,,VEG,W,1,0,1,0,2,0,1,0,0,0,0,0,4,25.0,22,17:23,0,1,1,1,50.0
25,2021-03-12,25,23-320,MIN,,ARI,W,3,0,3,4,2,3,0,0,1,0,0,0,8,37.5,21,18:12,0,0,0,2,0.0
26,2021-03-14,26,23-322,MIN,,ARI,W,0,1,1,1,2,0,0,0,0,1,0,0,8,0.0,18,18:54,0,0,0,2,0.0
27,2021-03-16,27,23-324,MIN,,ARI,W,0,1,1,1,0,0,0,0,0,1,0,0,4,0.0,16,14:57,0,0,0,1,0.0
28,2021-03-18,28,23-326,MIN,@,COL,L,0,0,0,-1,0,0,0,0,0,0,0,0,1,0.0,19,19:22,0,0,0,0,
29,2021-03-20,29,23-328,MIN,@,COL,L,0,0,0,-4,0,0,0,0,0,0,0,0,3,0.0,23,17:56,0,0,0,0,
30,2021-03-22,30,23-330,MIN,,ANA,W,0,0,0,-1,0,0,0,0,0,0,0,0,1,0.0,17,17:09,1,2,0,0,
31,2021-03-24,31,23-332,MIN,,ANA,W,0,1,1,1,0,0,0,0,0,1,0,0,1,0.0,19,15:58,0,0,0,0,
32,2021-03-25,32,23-333,MIN,,STL,W,1,0,1,1,2,1,0,0,0,0,0,0,3,33.3,15,14:38,0,1,0,0,
33,2021-03-29,33,23-337,MIN,@,SJS,L-SO,0,0,0,0,0,0,0,0,0,0,0,0,1,0.0,19,18:55,2,0,0,0,
34,2021-03-31,34,23-339,MIN,@,SJS,L,1,0,1,1,0,1,0,0,0,0,0,0,4,25.0,20,20:23,1,2,0,1,0.0
35,2021-04-01,35,23-340,MIN,@,VEG,W,1,1,2,1,0,1,0,0,0,0,1,0,6,16.7,25,24:09,0,0,0,0,
36,2021-04-03,36,23-342,MIN,@,VEG,W,1,0,1,1,2,0,1,0,0,0,0,0,4,25.0,22,18:40,0,1,0,0,
37,2021-04-05,37,23-344,MIN,,COL,L,0,0,0,-2,2,0,0,0,0,0,0,0,1,0.0,25,22:55,0,1,0,0,
38,2021-04-07,38,23-346,MIN,,COL,W,2,1,3,0,0,0,2,0,0,0,1,0,3,66.7,21,16:38,2,0,0,1,0.0
39,2021-04-09,39,23-348,MIN,@,STL,L,0,0,0,-2,0,0,0,0,0,0,0,0,1,0.0,19,16:41,0,0,0,0,
40,2021-04-10,40,23-349,MIN,@,STL,L-OT,0,0,0,-1,0,0,0,0,0,0,0,0,5,0.0,20,20:16,0,0,0,0,
41,2021-04-14,41,23-353,MIN,,ARI,W,0,1,1,0,0,0,0,0,0,0,1,0,1,0.0,14,16:42,0,0,0,2,0.0
42,2021-04-16,42,23-355,MIN,,SJS,W,0,0,0,0,0,0,0,0,0,0,0,0,0,,16,15:29,1,0,0,0,
43,2021-04-17,43,23-356,MIN,,SJS,W,1,0,1,1,0,1,0,0,0,0,0,0,3,33.3,19,19:08,0,0,0,1,0.0
44,2021-04-19,44,23-358,MIN,@,ARI,W,1,0,1,-1,0,0,1,0,0,0,0,0,4,25.0,17,15:33,2,0,0,0,
45,2021-04-21,45,23-360,MIN,@,ARI,W,1,0,1,1,0,1,0,0,0,0,0,0,4,25.0,16,16:05,4,0,0,0,
46,2021-04-23,46,23-362,MIN,@,LAK,W,2,0,2,1,0,1,1,0,0,0,0,0,6,33.3,16,15:28,1,2,0,0,
47,2021-04-24,47,23-363,MIN,@,SJS,W,1,0,1,-1,0,0,1,0,0,0,0,0,4,25.0,17,17:12,1,0,0,0,
48,2021-04-28,48,24-002,MIN,,STL,L,0,0,0,0,0,0,0,0,0,0,0,0,4,0.0,23,17:21,1,1,0,0,
49,2021-04-29,49,24-003,MIN,,STL,L-OT,1,0,1,0,0,1,0,0,0,0,0,0,3,33.3,22,21:05,2,0,0,0,
50,2021-05-01,50,24-005,MIN,,STL,W,0,1,1,1,0,0,0,0,0,1,0,0,4,0.0,22,20:16,0,0,0,0,
51,2021-05-03,51,24-007,MIN,,VEG,W,1,1,2,0,0,1,0,0,0,0,1,0,4,25.0,19,18:05,0,0,0,0,
52,2021-05-05,52,24-009,MIN,,VEG,L-OT,2,0,2,1,2,2,0,0,0,0,0,0,4,50.0,21,20:26,1,0,0,0,
53,2021-05-07,53,24-011,MIN,,ANA,W,1,1,2,2,0,1,0,0,1,1,0,0,3,33.3,18,17:51,0,1,0,0,
54,2021-05-08,54,24-012,MIN,,ANA,W,0,2,2,1,0,0,0,0,0,1,1,0,3,0.0,17,19:35,0,0,0,0,
55,2021-05-12,55,24-016,MIN,@,STL,L,0,0,0,-1,0,0,0,0,0,0,0,0,5,0.0,16,19:13,0,0,0,1,0.0