Rk,Date,G,Age,Tm,,Opp,,G,A,PTS,+/-,PIM,EV,PP,SH,GW,EV,PP,SH,S,S%,SHFT,TOI,HIT,BLK,FOW,FOL,FO%
1,2023-10-12,1,25-305,FLA,@,MIN,L,0,0,0,0,0,0,0,0,0,0,0,0,10,0.0,20,21:29,1,0,0,0,
2,2023-10-14,2,25-307,FLA,@,WPG,L,0,2,2,-1,7,0,0,0,0,1,1,0,2,0.0,21,17:21,1,0,0,0,
3,2023-10-16,3,25-309,FLA,@,NJD,W,0,2,2,1,2,0,0,0,0,2,0,0,4,0.0,23,19:41,5,1,0,0,
4,2023-10-19,4,25-312,FLA,,TOR,W,0,0,0,0,0,0,0,0,0,0,0,0,3,0.0,22,17:50,1,0,0,0,
5,2023-10-21,5,25-314,FLA,,VAN,L,0,0,0,-2,0,0,0,0,0,0,0,0,2,0.0,21,18:45,1,1,0,0,
6,2023-10-24,6,25-317,FLA,,SJS,W,0,2,2,2,0,0,0,0,0,2,0,0,7,0.0,23,21:16,0,0,0,0,
7,2023-10-28,7,25-321,FLA,,SEA,W,1,0,1,1,0,1,0,0,0,0,0,0,4,25.0,25,18:24,0,0,0,0,
8,2023-10-30,8,25-323,FLA,@,BOS,L-OT,0,0,0,-1,0,0,0,0,0,0,0,0,2,0.0,24,22:24,3,1,0,0,
9,2023-11-02,9,25-326,FLA,@,DET,W,0,1,1,1,0,0,0,0,0,1,0,0,5,0.0,20,21:07,0,0,1,0,100.0
10,2023-11-04,10,25-328,FLA,@,CHI,L,1,0,1,-1,0,1,0,0,0,0,0,0,8,12.5,21,20:05,0,0,0,0,
11,2023-11-06,11,25-330,FLA,,CBJ,W,0,1,1,0,0,0,0,0,0,1,0,0,7,0.0,23,20:49,0,0,0,0,
12,2023-11-08,12,25-332,FLA,@,WSH,W,0,1,1,-1,0,0,0,0,0,1,0,0,1,0.0,20,18:41,0,2,0,0,
13,2023-11-10,13,25-334,FLA,,CAR,W,1,1,2,3,0,1,0,0,0,1,0,0,2,50.0,20,16:49,1,0,0,0,
14,2023-11-12,14,25-336,FLA,,CHI,W,0,2,2,-1,0,0,0,0,0,0,2,0,2,0.0,21,18:40,1,1,0,0,
15,2023-11-14,15,25-338,FLA,@,SJS,W,0,2,2,-1,0,0,0,0,0,0,2,0,4,0.0,20,17:18,1,0,0,1,0.0
16,2023-11-16,16,25-340,FLA,@,LAK,L,0,0,0,-1,2,0,0,0,0,0,0,0,6,0.0,23,22:02,4,0,0,0,
17,2023-11-17,17,25-341,FLA,@,ANA,W,0,0,0,0,0,0,0,0,0,0,0,0,3,0.0,23,20:37,1,2,0,0,
18,2023-11-20,18,25-344,FLA,,EDM,W,0,0,0,1,0,0,0,0,0,0,0,0,3,0.0,24,20:15,3,0,0,0,
19,2023-11-22,19,25-346,FLA,,BOS,L,0,0,0,-1,2,0,0,0,0,0,0,0,7,0.0,25,22:27,0,0,0,0,
20,2023-11-24,20,25-348,FLA,,WPG,L,0,0,0,-1,2,0,0,0,0,0,0,0,4,0.0,20,15:18,2,0,0,0,
21,2023-11-27,21,25-351,FLA,@,OTT,W,0,1,1,0,11,0,0,0,0,0,1,0,2,0.0,20,16:33,4,0,0,0,
22,2023-11-28,22,25-352,FLA,@,TOR,L-SO,0,0,0,0,0,0,0,0,0,0,0,0,3,0.0,25,17:06,3,0,0,0,
23,2023-11-30,23,25-354,FLA,@,MTL,W,0,0,0,0,0,0,0,0,0,0,0,0,2,0.0,21,15:49,2,1,0,0,
24,2023-12-02,24,25-356,FLA,,NYI,L,1,0,1,2,0,1,0,0,0,0,0,0,2,50.0,23,21:13,0,1,0,0,
25,2023-12-06,25,25-360,FLA,,DAL,W,0,0,0,1,0,0,0,0,0,0,0,0,5,0.0,20,14:24,0,0,0,0,
26,2023-12-08,26,25-362,FLA,,PIT,W,0,0,0,-1,0,0,0,0,0,0,0,0,2,0.0,22,16:54,0,0,0,0,
27,2023-12-10,27,25-364,FLA,@,CBJ,W,1,0,1,0,0,1,0,0,0,0,0,0,2,50.0,21,18:37,0,0,0,0,
28,2023-12-12,28,26-001,FLA,@,SEA,L,0,0,0,-1,0,0,0,0,0,0,0,0,1,0.0,22,18:30,2,0,0,0,
29,2023-12-14,29,26-003,FLA,@,VAN,L,0,0,0,-1,0,0,0,0,0,0,0,0,2,0.0,23,20:25,2,1,0,0,
30,2023-12-16,30,26-005,FLA,@,EDM,W,0,1,1,3,0,0,0,0,0,1,0,0,2,0.0,23,16:21,0,1,1,1,50.0
31,2023-12-18,31,26-007,FLA,@,CGY,L,0,1,1,-2,0,0,0,0,0,0,1,0,3,0.0,25,21:38,1,0,0,1,0.0
32,2023-12-21,32,26-010,FLA,,STL,L,0,0,0,-3,0,0,0,0,0,0,0,0,2,0.0,21,19:53,0,1,0,0,
33,2023-12-23,33,26-012,FLA,,VEG,W,0,2,2,1,12,0,0,0,0,0,2,0,5,0.0,25,20:40,5,2,0,1,0.0
34,2023-12-27,34,26-016,FLA,@,TBL,W,0,0,0,-1,0,0,0,0,0,0,0,0,3,0.0,21,17:46,1,0,1,0,100.0
35,2023-12-29,35,26-018,FLA,,NYR,W,0,2,2,0,0,0,0,0,0,1,1,0,4,0.0,26,18:53,1,0,0,0,
36,2023-12-30,36,26-019,FLA,,MTL,W,0,1,1,2,0,0,0,0,0,1,0,0,1,0.0,19,15:47,1,0,0,0,
37,2024-01-02,37,26-022,FLA,@,ARI,W,1,0,1,2,0,1,0,0,0,0,0,0,2,50.0,20,17:45,2,0,0,0,
38,2024-01-04,38,26-024,FLA,@,VEG,W,1,2,3,1,0,0,1,0,1,1,1,0,4,25.0,22,20:05,3,0,0,0,
39,2024-01-06,39,26-026,FLA,@,COL,W,1,3,4,1,4,1,0,0,0,2,1,0,4,25.0,22,16:17,1,0,0,0,
40,2024-01-09,40,26-029,FLA,@,STL,W,3,1,4,2,2,3,0,0,0,0,1,0,9,33.3,23,20:05,1,0,0,1,0.0
41,2024-01-11,41,26-031,FLA,,LAK,W,1,0,1,0,0,1,0,0,0,0,0,0,9,11.1,23,20:22,2,0,0,0,
42,2024-01-13,42,26-033,FLA,,NJD,L,0,1,1,-2,0,0,0,0,0,0,1,0,2,0.0,22,21:57,4,0,0,0,
43,2024-01-15,43,26-035,FLA,,ANA,L-OT,0,1,1,0,2,0,0,0,0,1,0,0,5,0.0,21,20:43,2,1,0,0,
44,2024-01-17,44,26-037,FLA,,DET,L-OT,0,0,0,1,2,0,0,0,0,0,0,0,1,0.0,24,17:43,4,0,0,0,
45,2024-01-19,45,26-039,FLA,,MIN,L,0,1,1,1,0,0,0,0,0,1,0,0,3,0.0,24,24:10,2,0,0,0,
46,2024-01-22,46,26-042,FLA,@,NSH,W,1,1,2,3,0,1,0,0,0,1,0,0,7,14.3,22,19:40,2,0,0,0,
47,2024-01-24,47,26-044,FLA,,ARI,W,2,1,3,3,0,2,0,0,0,0,1,0,3,66.7,20,14:18,2,0,0,0,
48,2024-01-26,48,26-046,FLA,@,PIT,W,0,1,1,0,0,0,0,0,0,0,1,0,2,0.0,26,17:06,1,0,0,0,
49,2024-01-27,49,26-047,FLA,@,NYI,W,1,1,2,-1,0,0,1,0,0,0,1,0,3,33.3,23,19:14,0,0,0,0,
50,2024-02-06,50,26-057,FLA,,PHI,L,0,0,0,-1,0,0,0,0,0,0,0,0,1,0.0,22,18:42,2,0,0,0,
51,2024-02-08,51,26-059,FLA,,WSH,W,1,2,3,1,2,1,0,0,0,1,1,0,3,33.3,20,17:47,0,2,0,0,
52,2024-02-10,52,26-061,FLA,,COL,W,0,2,2,0,0,0,0,0,0,0,2,0,3,0.0,22,16:15,1,0,0,0,
53,2024-02-14,53,26-065,FLA,@,PIT,W,1,2,3,1,0,1,0,0,0,1,1,0,2,50.0,20,17:48,4,2,0,0,
54,2024-02-15,54,26-066,FLA,@,BUF,W,0,1,1,1,0,0,0,0,0,1,0,0,2,0.0,21,17:03,3,0,0,0,
55,2024-02-17,55,26-068,FLA,@,TBL,W,2,2,4,3,10,0,2,0,0,2,0,0,2,100.0,18,12:24,5,0,0,0,
56,2024-02-20,56,26-071,FLA,,OTT,W,0,1,1,0,0,0,0,0,0,1,0,0,6,0.0,22,20:11,4,0,0,0,
57,2024-02-22,57,26-073,FLA,@,CAR,L,0,0,0,0,0,0,0,0,0,0,0,0,0,,8,5:39,1,0,0,0,
58,2024-02-27,58,26-078,FLA,,BUF,W,1,1,2,1,2,0,1,0,0,0,1,0,7,14.3,23,22:01,2,1,0,0,
59,2024-02-29,59,26-080,FLA,,MTL,W,0,1,1,-1,2,0,0,0,0,0,1,0,2,0.0,21,23:36,2,0,0,0,
60,2024-03-02,60,26-082,FLA,@,DET,W,0,0,0,0,2,0,0,0,0,0,0,0,5,0.0,19,20:24,7,0,0,0,
61,2024-03-04,61,26-084,FLA,@,NYR,W,0,0,0,0,2,0,0,0,0,0,0,0,4,0.0,25,20:10,1,0,0,0,
62,2024-03-05,62,26-085,FLA,@,NJD,W,0,3,3,2,0,0,0,0,0,2,1,0,1,0.0,24,18:07,0,1,0,0,
63,2024-03-07,63,26-087,FLA,,PHI,L,0,0,0,-2,2,0,0,0,0,0,0,0,2,0.0,24,20:07,2,2,0,0,
64,2024-03-09,64,26-089,FLA,,CGY,W,0,1,1,1,0,0,0,0,0,1,0,0,4,0.0,19,16:07,4,0,0,0,
65,2024-03-12,65,26-092,FLA,@,DAL,W,0,2,2,0,0,0,0,0,0,1,1,0,4,0.0,22,19:31,3,1,0,0,
66,2024-03-14,66,26-094,FLA,@,CAR,L,0,0,0,-2,6,0,0,0,0,0,0,0,1,0.0,17,13:06,2,0,0,0,
67,2024-03-16,67,26-096,FLA,,TBL,L,1,1,2,-1,0,0,0,1,0,0,1,0,7,14.3,25,23:42,1,1,0,0,
68,2024-03-21,68,26-101,FLA,,NSH,L,0,0,0,-1,0,0,0,0,0,0,0,0,4,0.0,23,17:51,4,0,0,0,
69,2024-03-23,69,26-103,FLA,@,NYR,L-SO,1,1,2,2,0,1,0,0,0,1,0,0,2,50.0,30,20:58,2,1,0,0,
70,2024-03-24,70,26-104,FLA,@,PHI,W,0,0,0,0,2,0,0,0,0,0,0,0,0,,20,16:59,2,0,0,0,
71,2024-03-26,71,26-106,FLA,,BOS,L,0,1,1,-1,2,0,0,0,0,1,0,0,1,0.0,22,19:22,8,0,0,0,
72,2024-03-28,72,26-108,FLA,,NYI,L,0,0,0,-3,2,0,0,0,0,0,0,0,4,0.0,21,17:16,4,0,0,0,
73,2024-03-30,73,26-110,FLA,,DET,W,0,0,0,0,0,0,0,0,0,0,0,0,3,0.0,23,16:37,2,0,0,0,
74,2024-04-01,74,26-112,FLA,@,TOR,L,0,1,1,1,0,0,0,0,0,1,0,0,4,0.0,25,19:32,2,0,0,0,
75,2024-04-04,75,26-115,FLA,@,OTT,W,1,2,3,2,0,0,1,0,0,2,0,0,1,100.0,18,12:56,3,0,0,0,
76,2024-04-06,76,26-117,FLA,@,BOS,L-OT,1,0,1,1,4,1,0,0,0,0,0,0,5,20.0,25,18:45,2,0,0,1,0.0
77,2024-04-09,77,26-120,FLA,,OTT,W,0,0,0,1,0,0,0,0,0,0,0,0,1,0.0,21,19:12,1,0,0,0,
78,2024-04-11,78,26-122,FLA,,CBJ,W,1,0,1,1,0,1,0,0,1,0,0,0,3,33.3,18,17:17,1,1,0,0,
79,2024-04-13,79,26-124,FLA,,BUF,W,0,1,1,2,0,0,0,0,0,1,0,0,7,0.0,22,22:08,1,0,0,0,
80,2024-04-16,80,26-127,FLA,,TOR,W,0,2,2,2,2,0,0,0,0,2,0,0,8,0.0,21,18:27,2,0,0,0,
1,2022-10-13,1,24-306,FLA,@,NYI,W,1,0,1,1,0,1,0,0,0,0,0,0,4,25.0,27,22:58,1,0,1,0,100.0
2,2022-10-15,2,24-308,FLA,@,BUF,W,1,1,2,-1,4,1,0,0,0,0,1,0,4,25.0,24,20:05,0,0,1,1,50.0
3,2022-10-17,3,24-310,FLA,@,BOS,L,0,1,1,-2,4,0,0,0,0,1,0,0,6,0.0,21,21:36,1,1,0,1,0.0
4,2022-10-19,4,24-312,FLA,,PHI,W,0,2,2,2,0,0,0,0,0,2,0,0,4,0.0,23,18:49,0,0,1,0,100.0
5,2022-10-21,5,24-314,FLA,,TBL,L-OT,1,1,2,1,6,1,0,0,0,1,0,0,6,16.7,27,21:04,0,1,3,2,60.0
6,2022-10-23,6,24-316,FLA,,NYI,W,0,0,0,0,2,0,0,0,0,0,0,0,5,0.0,21,19:02,1,1,0,1,0.0
7,2022-10-25,7,24-318,FLA,@,CHI,L,1,0,1,-2,2,1,0,0,0,0,0,0,3,33.3,24,22:26,1,0,0,0,
8,2022-10-27,8,24-320,FLA,@,PHI,L,0,1,1,0,0,0,0,0,0,0,1,0,7,0.0,24,24:27,1,0,0,1,0.0
9,2022-10-29,9,24-322,FLA,,OTT,W,1,2,3,4,0,1,0,0,0,1,1,0,7,14.3,24,20:52,1,0,0,0,
10,2022-11-01,10,24-325,FLA,@,ARI,L,0,0,0,-1,0,0,0,0,0,0,0,0,4,0.0,26,23:27,1,0,0,1,0.0
11,2022-11-03,11,24-327,FLA,@,SJS,W,0,3,3,2,0,0,0,0,0,2,1,0,10,0.0,27,24:42,2,0,0,0,
12,2022-11-05,12,24-329,FLA,@,LAK,L,0,1,1,2,12,0,0,0,0,1,0,0,3,0.0,25,21:49,1,0,0,0,
13,2022-11-12,13,24-336,FLA,,EDM,L,0,0,0,-2,0,0,0,0,0,0,0,0,5,0.0,23,20:48,1,0,0,1,0.0
14,2022-11-15,14,24-339,FLA,,WSH,W,0,3,3,4,2,0,0,0,0,2,1,0,0,,23,16:47,2,0,0,0,
15,2022-11-17,15,24-341,FLA,,DAL,L,1,1,2,0,5,1,0,0,0,1,0,0,4,25.0,25,19:14,0,0,0,0,
16,2022-11-19,16,24-343,FLA,,CGY,L-SO,1,1,2,1,0,1,0,0,0,0,1,0,2,50.0,25,21:59,1,1,0,0,
17,2022-11-20,17,24-344,FLA,@,CBJ,L,1,0,1,0,0,1,0,0,0,0,0,0,3,33.3,22,22:16,1,0,0,0,
18,2022-11-23,18,24-347,FLA,,BOS,W,1,1,2,0,0,0,1,0,0,0,1,0,6,16.7,21,18:43,0,2,0,0,
19,2022-11-26,19,24-350,FLA,,STL,L-OT,0,0,0,-1,0,0,0,0,0,0,0,0,2,0.0,24,20:17,1,0,0,0,
20,2022-11-28,20,24-352,FLA,@,EDM,L-OT,1,1,2,-1,0,1,0,0,0,0,1,0,4,25.0,24,23:01,0,1,0,0,
21,2022-11-29,21,24-353,FLA,@,CGY,L,0,0,0,-2,2,0,0,0,0,0,0,0,3,0.0,21,21:50,0,0,0,1,0.0
22,2022-12-01,22,24-355,FLA,@,VAN,W,1,2,3,2,0,1,0,0,0,2,0,0,3,33.3,20,18:56,0,0,0,0,
23,2022-12-03,23,24-357,FLA,@,SEA,W,1,1,2,1,0,0,1,0,0,0,1,0,3,33.3,26,18:59,1,1,0,0,
24,2022-12-06,24,24-360,FLA,@,WPG,L,0,1,1,-1,2,0,0,0,0,0,1,0,2,0.0,24,20:37,0,0,0,0,
25,2022-12-08,25,24-362,FLA,,DET,W,1,1,2,2,0,1,0,0,0,1,0,0,2,50.0,19,17:04,0,0,1,0,100.0
26,2022-12-10,26,24-364,FLA,@,TBL,L,0,0,0,-2,0,0,0,0,0,0,0,0,1,0.0,21,19:25,1,0,0,0,
27,2022-12-11,27,25-000,FLA,,SEA,L,0,0,0,-3,0,0,0,0,0,0,0,0,1,0.0,21,17:51,1,0,0,1,0.0
28,2022-12-13,28,25-002,FLA,,CBJ,W,1,1,2,4,4,1,0,0,0,1,0,0,3,33.3,21,19:12,0,1,0,1,0.0
29,2022-12-17,29,25-006,FLA,@,NJD,W,0,0,0,1,0,0,0,0,0,0,0,0,0,,24,19:03,2,1,0,0,
30,2022-12-19,30,25-008,FLA,@,BOS,L,0,0,0,-2,0,0,0,0,0,0,0,0,3,0.0,24,20:58,0,0,0,0,
31,2022-12-21,31,25-010,FLA,,NJD,L,0,0,0,-1,12,0,0,0,0,0,0,0,4,0.0,21,19:39,0,1,0,0,
32,2022-12-23,32,25-012,FLA,@,NYI,L,1,0,1,0,0,1,0,0,0,0,0,0,1,100.0,22,16:40,1,0,1,1,50.0
33,2022-12-29,33,25-018,FLA,,MTL,W,2,1,3,1,0,0,2,0,0,0,1,0,9,22.2,17,17:24,0,1,0,0,
34,2022-12-30,34,25-019,FLA,@,CAR,L,0,0,0,0,2,0,0,0,0,0,0,0,3,0.0,22,19:52,1,0,0,0,
35,2023-01-01,35,25-021,FLA,,NYR,L,0,0,0,-1,0,0,0,0,0,0,0,0,1,0.0,21,19:39,0,0,0,0,
36,2023-01-03,36,25-023,FLA,,ARI,W,3,1,4,2,2,2,1,0,0,1,0,0,6,50.0,25,21:27,0,0,0,0,
37,2023-01-06,37,25-026,FLA,@,DET,W,0,1,1,-1,0,0,0,0,0,0,1,0,1,0.0,20,19:27,0,1,0,0,
38,2023-01-08,38,25-028,FLA,@,DAL,L,0,1,1,-1,0,0,0,0,0,1,0,0,3,0.0,23,20:50,0,1,0,0,
39,2023-01-10,39,25-030,FLA,@,COL,W,2,0,2,-1,0,1,1,0,1,0,0,0,7,28.6,25,18:32,1,0,0,0,
40,2023-01-12,40,25-032,FLA,@,VEG,L,0,1,1,0,2,0,0,0,0,0,1,0,4,0.0,20,17:23,3,0,0,0,
41,2023-01-14,41,25-034,FLA,,VAN,W,0,1,1,0,2,0,0,0,0,0,1,0,3,0.0,21,19:45,1,0,0,0,
42,2023-01-16,42,25-036,FLA,@,BUF,W,0,3,3,3,2,0,0,0,0,3,0,0,3,0.0,23,17:39,0,2,0,1,0.0
43,2023-01-17,43,25-037,FLA,@,TOR,L-OT,0,0,0,1,0,0,0,0,0,0,0,0,1,0.0,24,20:36,0,1,0,0,
44,2023-01-19,44,25-039,FLA,@,MTL,W,2,0,2,0,5,0,2,0,1,0,0,0,9,22.2,20,23:26,0,2,0,0,
45,2023-01-21,45,25-041,FLA,,MIN,W,0,1,1,-1,0,0,0,0,0,0,1,0,3,0.0,19,16:21,1,0,0,0,
46,2023-01-23,46,25-043,FLA,@,NYR,L,0,1,1,-1,0,0,0,0,0,1,0,0,2,0.0,21,21:24,0,0,0,1,0.0
47,2023-01-24,47,25-044,FLA,@,PIT,L-OT,1,1,2,3,2,0,1,0,0,0,0,1,5,20.0,25,23:28,2,1,0,0,
48,2023-01-27,48,25-047,FLA,,LAK,L,0,2,2,0,0,0,0,0,0,2,0,0,7,0.0,25,25:36,1,1,0,0,
49,2023-01-28,49,25-048,FLA,,BOS,W,0,2,2,1,0,0,0,0,0,2,0,0,5,0.0,29,21:20,2,1,0,0,
50,2023-02-06,50,25-057,FLA,,TBL,W,2,3,5,5,0,1,1,0,0,3,0,0,6,33.3,21,15:59,0,0,0,0,
51,2023-02-09,51,25-060,FLA,,SJS,W,0,0,0,-1,0,0,0,0,0,0,0,0,4,0.0,22,19:27,0,2,0,0,
52,2023-02-11,52,25-062,FLA,,COL,L,0,2,2,1,0,0,0,0,0,2,0,0,7,0.0,22,23:53,1,0,0,0,
53,2023-02-13,53,25-064,FLA,@,MIN,W,0,0,0,0,0,0,0,0,0,0,0,0,4,0.0,22,24:46,1,0,0,0,
54,2023-02-14,54,25-065,FLA,@,STL,L,0,2,2,-1,0,0,0,0,0,2,0,0,3,0.0,19,20:19,1,0,0,0,
55,2023-02-16,55,25-067,FLA,@,WSH,W,0,0,0,1,0,0,0,0,0,0,0,0,2,0.0,21,19:46,1,0,1,0,100.0
56,2023-02-18,56,25-069,FLA,@,NSH,L,1,0,1,-1,0,1,0,0,0,0,0,0,3,33.3,22,19:14,1,0,0,0,
57,2023-02-20,57,25-071,FLA,,ANA,W,0,2,2,1,0,0,0,0,0,2,0,0,6,0.0,22,22:39,1,0,1,0,100.0
58,2023-02-24,58,25-075,FLA,,BUF,L,0,0,0,-2,6,0,0,0,0,0,0,0,6,0.0,22,23:53,0,0,1,0,100.0
59,2023-02-28,59,25-079,FLA,@,TBL,W,0,1,1,2,0,0,0,0,0,1,0,0,6,0.0,24,20:18,1,1,0,0,
60,2023-03-02,60,25-081,FLA,,NSH,L,0,0,0,-1,0,0,0,0,0,0,0,0,3,0.0,24,24:30,1,0,0,0,
61,2023-03-04,61,25-083,FLA,,PIT,W,0,2,2,2,10,0,0,0,0,2,0,0,4,0.0,19,17:43,0,0,0,0,
62,2023-03-07,62,25-086,FLA,,VEG,W,0,0,0,0,0,0,0,0,0,0,0,0,3,0.0,21,19:53,2,3,0,0,
63,2023-03-10,63,25-089,FLA,,CHI,W,0,3,3,1,0,0,0,0,0,2,1,0,7,0.0,22,22:52,1,0,0,0,
64,2023-03-11,64,25-090,FLA,,WPG,L-OT,2,1,3,-1,2,0,2,0,0,0,1,0,9,22.2,26,22:16,0,1,0,0,
65,2023-03-16,65,25-095,FLA,,MTL,W,1,3,4,4,0,1,0,0,0,2,1,0,3,33.3,21,17:56,0,0,0,0,
66,2023-03-18,66,25-097,FLA,,NJD,W,1,0,1,1,0,1,0,0,1,0,0,0,5,20.0,26,20:15,2,0,1,0,100.0
67,2023-03-20,67,25-099,FLA,@,DET,W,1,2,3,1,0,1,0,0,0,1,1,0,2,50.0,21,16:12,0,0,0,0,
68,2023-03-21,68,25-100,FLA,@,PHI,L,1,0,1,0,0,1,0,0,0,0,0,0,4,25.0,21,22:53,0,0,0,1,0.0
69,2023-03-23,69,25-102,FLA,,TOR,L,1,0,1,-2,0,0,1,0,0,0,0,0,4,25.0,21,21:19,3,0,1,0,100.0
70,2023-03-25,70,25-104,FLA,,NYR,L,0,0,0,1,0,0,0,0,0,0,0,0,4,0.0,26,20:44,1,0,0,0,
71,2023-03-27,71,25-106,FLA,@,OTT,L,0,0,0,0,0,0,0,0,0,0,0,0,5,0.0,24,24:48,3,0,0,0,
72,2023-03-29,72,25-108,FLA,@,TOR,W,0,0,0,1,0,0,0,0,0,0,0,0,3,0.0,24,20:59,1,0,0,0,
73,2023-03-30,73,25-109,FLA,@,MTL,W,3,1,4,3,0,2,1,0,1,1,0,0,4,75.0,21,19:07,2,1,0,0,
74,2023-04-01,74,25-111,FLA,@,CBJ,W,0,1,1,0,0,0,0,0,0,0,1,0,3,0.0,17,15:26,1,1,0,0,
75,2023-04-04,75,25-114,FLA,,BUF,W,1,0,1,1,0,1,0,0,1,0,0,0,5,20.0,22,21:33,4,0,0,1,0.0
76,2023-04-06,76,25-116,FLA,,OTT,W,0,2,2,1,17,0,0,0,0,1,1,0,2,0.0,15,11:30,1,0,0,0,
77,2023-04-08,77,25-118,FLA,@,WSH,W,1,2,3,3,2,1,0,0,1,1,1,0,7,14.3,20,22:35,1,0,0,0,
78,2023-04-10,78,25-120,FLA,,TOR,L-OT,0,0,0,-1,0,0,0,0,0,0,0,0,8,0.0,25,22:34,3,0,0,0,
79,2023-04-13,79,25-123,FLA,,CAR,L,0,1,1,-1,12,0,0,0,0,1,0,0,3,0.0,22,20:22,1,0,0,0,
1,2021-10-16,1,23-309,CGY,@,EDM,L,0,1,1,-1,0,0,0,0,0,0,1,0,9,0.0,28,21:40,2,1,0,0,
2,2021-10-18,2,23-311,CGY,,ANA,L-OT,0,0,0,1,2,0,0,0,0,0,0,0,5,0.0,20,19:31,0,0,0,2,0.0
3,2021-10-21,3,23-314,CGY,@,DET,W,1,0,1,2,0,1,0,0,0,0,0,0,2,50.0,20,17:00,2,1,0,0,
4,2021-10-23,4,23-316,CGY,@,WSH,W,0,0,0,0,0,0,0,0,0,0,0,0,2,0.0,21,19:15,1,0,0,0,
5,2021-10-25,5,23-318,CGY,@,NYR,W,0,0,0,0,0,0,0,0,0,0,0,0,1,0.0,18,13:15,1,2,0,0,
6,2021-10-26,6,23-319,CGY,@,NJD,W,1,0,1,0,2,0,1,0,0,0,0,0,4,25.0,19,14:34,1,0,0,0,
7,2021-10-28,7,23-321,CGY,@,PIT,W,0,1,1,1,0,0,0,0,0,1,0,0,2,0.0,19,15:30,1,0,0,0,
8,2021-10-30,8,23-323,CGY,,PHI,W,1,0,1,1,2,0,1,0,0,0,0,0,7,14.3,24,20:37,0,0,1,1,50.0
9,2021-11-02,9,23-326,CGY,,NSH,L-OT,1,0,1,-1,0,0,1,0,0,0,0,0,6,16.7,24,22:41,0,0,1,0,100.0
10,2021-11-04,10,23-328,CGY,,DAL,L-OT,1,0,1,0,4,0,1,0,0,0,0,0,4,25.0,21,19:33,1,0,0,0,
11,2021-11-06,11,23-330,CGY,,NYR,W,1,3,4,3,2,1,0,0,0,2,1,0,2,50.0,22,14:57,2,0,1,0,100.0
12,2021-11-09,12,23-333,CGY,,SJS,L,0,0,0,-1,0,0,0,0,0,0,0,0,2,0.0,22,20:44,1,0,0,0,
13,2021-11-11,13,23-335,CGY,@,MTL,L,0,0,0,-1,0,0,0,0,0,0,0,0,1,0.0,19,17:31,1,0,0,0,
14,2021-11-12,14,23-336,CGY,@,TOR,L-OT,0,0,0,0,0,0,0,0,0,0,0,0,3,0.0,20,15:16,3,0,0,0,
15,2021-11-14,15,23-338,CGY,@,OTT,W,1,0,1,1,0,0,1,0,0,0,0,0,4,25.0,21,18:25,1,0,0,1,0.0
16,2021-11-16,16,23-340,CGY,@,PHI,L-OT,0,0,0,1,6,0,0,0,0,0,0,0,0,,23,18:39,3,0,1,0,100.0
17,2021-11-18,17,23-342,CGY,@,BUF,W,1,2,3,2,0,1,0,0,0,1,1,0,4,25.0,20,14:36,1,0,0,0,
18,2021-11-20,18,23-344,CGY,@,NYI,W,0,0,0,1,2,0,0,0,0,0,0,0,3,0.0,19,15:48,2,0,0,0,
19,2021-11-21,19,23-345,CGY,@,BOS,W,0,2,2,2,0,0,0,0,0,2,0,0,3,0.0,20,16:38,2,1,0,0,
20,2021-11-23,20,23-347,CGY,,CHI,W,1,0,1,1,0,1,0,0,1,0,0,0,4,25.0,22,18:30,0,1,1,2,33.3
21,2021-11-27,21,23-351,CGY,,WPG,L,1,0,1,-1,2,1,0,0,0,0,0,0,3,33.3,23,18:18,0,0,2,2,50.0
22,2021-11-29,22,23-353,CGY,,PIT,W,0,0,0,0,0,0,0,0,0,0,0,0,2,0.0,23,17:11,0,0,0,0,
23,2021-12-02,23,23-356,CGY,@,LAK,W,1,0,1,1,2,1,0,0,1,0,0,0,7,14.3,22,19:46,3,0,0,0,
24,2021-12-03,24,23-357,CGY,@,ANA,W,0,0,0,1,0,0,0,0,0,0,0,0,4,0.0,23,18:22,5,0,1,0,100.0
25,2021-12-05,25,23-359,CGY,@,VEG,L,0,1,1,1,4,0,0,0,0,1,0,0,1,0.0,22,18:13,1,0,0,0,
26,2021-12-07,26,23-361,CGY,@,SJS,L,0,1,1,0,0,0,0,0,0,1,0,0,3,0.0,19,17:48,0,1,0,0,
27,2021-12-09,27,23-363,CGY,,CAR,L-OT,0,0,0,0,2,0,0,0,0,0,0,0,2,0.0,27,21:49,0,1,0,1,0.0
28,2021-12-11,28,24-000,CGY,,BOS,L,1,0,1,-2,0,0,1,0,0,0,0,0,3,33.3,27,20:55,1,0,0,0,
29,2021-12-30,29,24-019,CGY,@,SEA,W,1,2,3,3,0,1,0,0,1,1,1,0,3,33.3,24,17:33,4,1,1,0,100.0
30,2022-01-02,30,24-022,CGY,@,CHI,W,1,1,2,2,0,1,0,0,0,1,0,0,7,14.3,22,18:12,2,1,0,0,
31,2022-01-04,31,24-024,CGY,@,FLA,L,0,1,1,1,0,0,0,0,0,1,0,0,4,0.0,23,18:18,3,0,0,0,
32,2022-01-06,32,24-026,CGY,@,TBL,L,0,0,0,-2,0,0,0,0,0,0,0,0,5,0.0,22,17:36,1,0,1,1,50.0
33,2022-01-07,33,24-027,CGY,@,CAR,L,1,1,2,-1,0,1,0,0,0,1,0,0,3,33.3,23,14:52,0,0,1,0,100.0
34,2022-01-13,34,24-033,CGY,,OTT,L,1,0,1,0,0,1,0,0,0,0,0,0,3,33.3,21,16:51,1,0,0,0,
35,2022-01-18,35,24-038,CGY,,FLA,W,1,2,3,2,2,1,0,0,0,1,1,0,3,33.3,22,14:39,0,0,0,0,
36,2022-01-22,36,24-042,CGY,@,EDM,L,1,1,2,1,0,1,0,0,0,1,0,0,4,25.0,23,19:58,0,0,0,0,
37,2022-01-24,37,24-044,CGY,,STL,W,0,5,5,3,0,0,0,0,0,3,2,0,3,0.0,22,19:10,1,0,0,0,
38,2022-01-26,38,24-046,CGY,@,CBJ,W,2,0,2,3,0,2,0,0,0,0,0,0,6,33.3,20,19:26,0,0,1,0,100.0
39,2022-01-27,39,24-047,CGY,@,STL,L,0,0,0,0,0,0,0,0,0,0,0,0,2,0.0,21,15:14,0,0,1,0,100.0
40,2022-01-29,40,24-049,CGY,,VAN,W,0,0,0,0,0,0,0,0,0,0,0,0,1,0.0,23,20:37,1,0,0,0,
41,2022-02-01,41,24-052,CGY,@,DAL,W,0,1,1,0,0,0,0,0,0,1,0,0,3,0.0,21,17:36,0,0,0,2,0.0
42,2022-02-02,42,24-053,CGY,@,ARI,W,0,0,0,0,0,0,0,0,0,0,0,0,2,0.0,24,21:29,1,0,1,0,100.0
43,2022-02-09,43,24-060,CGY,,VEG,W,1,2,3,3,0,1,0,0,0,2,0,0,2,50.0,21,17:45,0,0,0,0,
44,2022-02-10,44,24-061,CGY,,TOR,W,0,1,1,2,0,0,0,0,0,1,0,0,2,0.0,23,17:14,2,1,0,0,
45,2022-02-12,45,24-063,CGY,,NYI,W,0,1,1,1,0,0,0,0,0,1,0,0,1,0.0,22,16:10,1,0,0,0,
46,2022-02-15,46,24-066,CGY,,CBJ,W,1,0,1,1,0,1,0,0,1,0,0,0,2,50.0,22,17:43,1,0,0,0,
47,2022-02-16,47,24-067,CGY,,ANA,W,1,2,3,1,0,0,1,0,0,1,1,0,3,33.3,22,18:43,3,0,1,0,100.0
48,2022-02-19,48,24-070,CGY,,SEA,W,1,1,2,1,2,1,0,0,0,1,0,0,4,25.0,22,18:45,0,0,1,0,100.0
49,2022-02-21,49,24-072,CGY,,WPG,W,0,0,0,1,0,0,0,0,0,0,0,0,4,0.0,22,19:00,2,1,1,0,100.0
50,2022-02-24,50,24-075,CGY,@,VAN,L,0,0,0,-2,2,0,0,0,0,0,0,0,2,0.0,19,16:17,1,0,0,0,
51,2022-02-26,51,24-077,CGY,,MIN,W,2,1,3,1,2,0,2,0,0,1,0,0,4,50.0,18,14:39,1,0,0,0,
52,2022-03-01,52,24-080,CGY,@,MIN,W,1,1,2,0,4,0,1,0,0,1,0,0,2,50.0,21,13:44,3,1,0,0,
53,2022-03-03,53,24-082,CGY,,MTL,L-OT,0,0,0,1,2,0,0,0,0,0,0,0,2,0.0,20,15:47,0,0,0,0,
54,2022-03-05,54,24-084,CGY,@,COL,W,0,3,3,0,2,0,0,0,0,2,1,0,2,0.0,26,19:03,1,1,0,0,
55,2022-03-07,55,24-086,CGY,,EDM,W,0,1,1,1,2,0,0,0,0,0,1,0,1,0.0,19,15:39,0,0,1,0,100.0
56,2022-03-08,56,24-087,CGY,,WSH,L,0,0,0,0,0,0,0,0,0,0,0,0,3,0.0,21,18:43,1,0,0,1,0.0
57,2022-03-10,57,24-089,CGY,,TBL,W,0,1,1,1,0,0,0,0,0,1,0,0,5,0.0,20,14:38,0,0,1,0,100.0
58,2022-03-12,58,24-091,CGY,,DET,W,0,2,2,0,0,0,0,0,0,0,2,0,5,0.0,20,16:14,0,0,0,0,
59,2022-03-13,59,24-092,CGY,@,COL,L,0,0,0,-1,2,0,0,0,0,0,0,0,4,0.0,24,20:43,0,0,0,0,
60,2022-03-16,60,24-095,CGY,,NJD,W,1,2,3,2,0,1,0,0,1,2,0,0,4,25.0,23,15:23,0,0,0,1,0.0
61,2022-03-18,61,24-097,CGY,,BUF,L-OT,0,0,0,-1,0,0,0,0,0,0,0,0,0,,23,18:21,0,0,0,0,
62,2022-03-19,62,24-098,CGY,@,VAN,W,1,2,3,1,0,1,0,0,0,1,1,0,2,50.0,20,16:30,3,0,0,0,
63,2022-03-22,63,24-101,CGY,,SJS,L,0,2,2,1,0,0,0,0,0,1,1,0,4,0.0,24,19:12,1,0,0,1,0.0
64,2022-03-25,64,24-104,CGY,,ARI,W,1,1,2,0,0,1,0,0,0,0,1,0,5,20.0,20,18:24,0,0,0,0,
65,2022-03-26,65,24-105,CGY,,EDM,W,2,2,4,4,4,2,0,0,1,2,0,0,3,66.7,22,15:48,3,0,0,0,
66,2022-03-29,66,24-108,CGY,,COL,L,0,1,1,0,0,0,0,0,0,0,1,0,5,0.0,22,19:45,2,0,0,2,0.0
67,2022-03-31,67,24-110,CGY,,LAK,L-SO,0,0,0,0,0,0,0,0,0,0,0,0,1,0.0,22,17:34,0,0,0,1,0.0
68,2022-04-02,68,24-112,CGY,,STL,L,0,1,1,-2,0,0,0,0,0,1,0,0,4,0.0,20,17:42,1,0,0,1,0.0
69,2022-04-04,69,24-114,CGY,@,LAK,W,0,1,1,2,6,0,0,0,0,1,0,0,6,0.0,21,18:19,1,0,0,0,
70,2022-04-06,70,24-116,CGY,@,ANA,W,1,0,1,2,0,1,0,0,0,0,0,0,2,50.0,23,18:11,2,0,0,0,
71,2022-04-07,71,24-117,CGY,@,SJS,W,1,2,3,3,0,1,0,0,0,2,0,0,3,33.3,21,17:53,0,1,0,0,
72,2022-04-09,72,24-119,CGY,@,SEA,W,0,0,0,0,0,0,0,0,0,0,0,0,0,,24,16:59,1,1,0,0,
73,2022-04-12,73,24-122,CGY,,SEA,W,3,0,3,2,0,2,1,0,0,0,0,0,6,50.0,22,18:50,0,0,0,0,
74,2022-04-14,74,24-124,CGY,,VEG,L,0,0,0,-1,0,0,0,0,0,0,0,0,2,0.0,22,15:20,2,0,0,0,
75,2022-04-16,75,24-126,CGY,,ARI,W,2,2,4,4,0,2,0,0,0,2,0,0,3,66.7,19,16:48,0,0,0,1,0.0
76,2022-04-18,76,24-128,CGY,@,CHI,W,0,2,2,2,0,0,0,0,0,2,0,0,2,0.0,23,19:36,0,1,0,0,
77,2022-04-19,77,24-129,CGY,@,NSH,L-SO,0,1,1,-1,2,0,0,0,0,0,1,0,2,0.0,23,20:54,4,2,1,0,100.0
78,2022-04-21,78,24-131,CGY,,DAL,W,1,0,1,0,0,0,1,0,0,0,0,0,2,50.0,23,21:08,2,0,0,1,0.0
79,2022-04-23,79,24-133,CGY,,VAN,W,0,1,1,2,2,0,0,0,0,1,0,0,1,0.0,24,17:49,1,0,0,1,0.0
80,2022-04-26,80,24-136,CGY,@,NSH,W,1,0,1,1,4,1,0,0,0,0,0,0,4,25.0,20,16:44,4,0,0,0,
81,2022-04-28,81,24-138,CGY,@,MIN,L-OT,0,1,1,2,0,0,0,0,0,1,0,0,0,,24,22:36,1,0,0,1,0.0
82,2022-04-29,82,24-139,CGY,@,WPG,L,1,0,1,-1,0,1,0,0,0,0,0,0,2,50.0,21,18:39,0,1,0,0,
1,2021-01-14,1,23-034,CGY,@,WPG,L-OT,1,0,1,2,2,1,0,0,0,0,0,0,5,20.0,25,19:32,5,0,0,0,
2,2021-01-16,2,23-036,CGY,,VAN,W,1,1,2,0,0,0,1,0,0,0,1,0,5,20.0,21,16:05,4,0,0,0,
3,2021-01-18,3,23-038,CGY,,VAN,W,0,0,0,1,0,0,0,0,0,0,0,0,3,0.0,24,23:02,2,0,0,0,
4,2021-01-24,4,23-044,CGY,,TOR,L,1,0,1,-1,0,0,1,0,0,0,0,0,9,11.1,23,22:58,5,1,0,0,
5,2021-01-26,5,23-046,CGY,,TOR,L,0,0,0,0,0,0,0,0,0,0,0,0,4,0.0,23,20:02,4,0,0,0,
6,2021-01-28,6,23-048,CGY,@,MTL,L,0,0,0,-1,5,0,0,0,0,0,0,0,1,0.0,20,18:47,3,0,0,0,
7,2021-01-30,7,23-050,CGY,@,MTL,W,0,1,1,1,0,0,0,0,0,0,1,0,1,0.0,22,18:40,3,0,0,0,
8,2021-02-01,8,23-052,CGY,@,WPG,W,0,1,1,1,0,0,0,0,0,1,0,0,2,0.0,21,17:38,2,0,0,0,
9,2021-02-02,9,23-053,CGY,@,WPG,L,2,0,2,2,2,2,0,0,0,0,0,0,4,50.0,23,24:16,1,0,0,0,
10,2021-02-04,10,23-055,CGY,@,WPG,L,0,0,0,-3,0,0,0,0,0,0,0,0,2,0.0,20,18:56,2,0,0,0,
11,2021-02-06,11,23-057,CGY,,EDM,W,0,1,1,1,4,0,0,0,0,1,0,0,1,0.0,24,17:27,5,0,0,0,
12,2021-02-09,12,23-060,CGY,,WPG,W,0,1,1,0,0,0,0,0,0,0,1,0,2,0.0,22,19:25,2,0,0,0,
13,2021-02-11,13,23-062,CGY,@,VAN,W,0,0,0,1,0,0,0,0,0,0,0,0,3,0.0,23,17:20,2,0,0,0,
14,2021-02-13,14,23-064,CGY,@,VAN,L,0,0,0,-1,0,0,0,0,0,0,0,0,3,0.0,28,22:34,4,1,1,0,100.0
15,2021-02-15,15,23-066,CGY,@,VAN,W,0,0,0,1,2,0,0,0,0,0,0,0,3,0.0,23,18:49,2,0,0,0,
16,2021-02-17,16,23-068,CGY,,VAN,L,0,0,0,-1,0,0,0,0,0,0,0,0,4,0.0,27,20:44,1,0,0,1,0.0
17,2021-02-19,17,23-070,CGY,,EDM,L,0,0,0,0,2,0,0,0,0,0,0,0,3,0.0,24,23:07,2,0,0,0,
18,2021-02-20,18,23-071,CGY,@,EDM,L,0,1,1,-2,0,0,0,0,0,0,1,0,7,0.0,25,21:22,6,0,1,0,100.0
19,2021-02-22,19,23-073,CGY,@,TOR,W,1,1,2,0,0,0,1,0,0,0,1,0,6,16.7,23,18:46,6,0,0,1,0.0
20,2021-02-24,20,23-075,CGY,@,TOR,L-OT,0,1,1,0,2,0,0,0,0,1,0,0,2,0.0,24,17:28,5,0,0,0,
21,2021-02-25,21,23-076,CGY,@,OTT,L,0,0,0,-1,0,0,0,0,0,0,0,0,4,0.0,23,18:31,1,0,0,0,
22,2021-02-27,22,23-078,CGY,@,OTT,W,1,1,2,2,0,1,0,0,0,1,0,0,3,33.3,23,20:48,2,0,0,0,
23,2021-03-01,23,23-080,CGY,@,OTT,L,0,0,0,-2,0,0,0,0,0,0,0,0,2,0.0,24,20:49,4,1,0,0,
24,2021-03-04,24,23-083,CGY,,OTT,W,0,3,3,2,2,0,0,0,0,3,0,0,2,0.0,23,13:43,3,0,0,0,
25,2021-03-06,25,23-085,CGY,@,EDM,L,0,0,0,-1,7,0,0,0,0,0,0,0,1,0.0,25,15:47,6,0,0,0,
26,2021-03-07,26,23-086,CGY,,OTT,L-SO,0,2,2,2,0,0,0,0,0,1,1,0,2,0.0,27,22:32,2,0,0,0,
27,2021-03-11,27,23-090,CGY,,MTL,W,0,0,0,0,0,0,0,0,0,0,0,0,2,0.0,21,15:37,3,0,0,0,
28,2021-03-13,28,23-092,CGY,,MTL,W,0,1,1,0,0,0,0,0,0,0,1,0,4,0.0,22,15:36,1,0,0,0,
29,2021-03-15,29,23-094,CGY,,EDM,W,0,0,0,2,0,0,0,0,0,0,0,0,2,0.0,21,14:38,4,0,0,0,
30,2021-03-17,30,23-096,CGY,,EDM,L,0,2,2,1,0,0,0,0,0,1,1,0,2,0.0,19,15:25,0,1,0,1,0.0
31,2021-03-19,31,23-098,CGY,@,TOR,W,1,0,1,2,5,1,0,0,0,0,0,0,1,100.0,18,13:09,2,0,0,0,
32,2021-03-20,32,23-099,CGY,@,TOR,L,0,0,0,-2,2,0,0,0,0,0,0,0,1,0.0,22,19:47,4,0,0,0,
33,2021-03-22,33,23-101,CGY,@,OTT,L,0,0,0,0,0,0,0,0,0,0,0,0,1,0.0,19,15:25,0,1,0,1,0.0
34,2021-03-24,34,23-103,CGY,@,OTT,L,0,0,0,-2,0,0,0,0,0,0,0,0,1,0.0,16,13:45,0,0,0,0,
35,2021-03-26,35,23-105,CGY,,WPG,L,1,0,1,1,0,1,0,0,0,0,0,0,4,25.0,21,18:54,3,0,0,0,
36,2021-03-27,36,23-106,CGY,,WPG,W,0,0,0,1,0,0,0,0,0,0,0,0,2,0.0,23,16:45,0,0,0,0,
37,2021-03-29,37,23-108,CGY,,WPG,L,0,1,1,-2,2,0,0,0,0,0,1,0,2,0.0,22,17:31,3,0,0,0,
38,2021-04-02,38,23-112,CGY,@,EDM,L,1,0,1,1,4,1,0,0,0,0,0,0,1,100.0,21,15:55,4,0,0,0,
39,2021-04-04,39,23-114,CGY,,TOR,L,0,0,0,-2,0,0,0,0,0,0,0,0,1,0.0,21,15:54,5,0,0,0,
40,2021-04-05,40,23-115,CGY,,TOR,L,0,0,0,-2,0,0,0,0,0,0,0,0,3,0.0,20,13:03,2,0,0,0,
41,2021-04-10,41,23-120,CGY,,EDM,W,0,0,0,1,0,0,0,0,0,0,0,0,1,0.0,20,16:31,0,0,0,0,
42,2021-04-13,42,23-123,CGY,@,TOR,W,0,1,1,0,0,0,0,0,0,0,1,0,0,,22,16:52,1,0,0,0,
43,2021-04-14,43,23-124,CGY,@,MTL,W,0,0,0,1,0,0,0,0,0,0,0,0,5,0.0,21,18:15,1,0,0,0,
44,2021-04-16,44,23-126,CGY,@,MTL,L,0,1,1,1,2,0,0,0,0,1,0,0,0,,24,19:39,1,0,0,0,
45,2021-04-19,45,23-129,CGY,,OTT,L,0,0,0,0,0,0,0,0,0,0,0,0,3,0.0,21,17:21,2,1,1,0,100.0
46,2021-04-23,46,23-133,CGY,,MTL,W,0,0,0,-1,0,0,0,0,0,0,0,0,3,0.0,26,20:11,0,0,0,0,
47,2021-04-24,47,23-134,CGY,,MTL,W,0,1,1,1,0,0,0,0,0,1,0,0,0,,21,17:05,0,0,0,0,
48,2021-04-26,48,23-136,CGY,,MTL,L,0,0,0,0,0,0,0,0,0,0,0,0,3,0.0,23,16:56,0,1,0,0,
49,2021-04-29,49,23-139,CGY,@,EDM,W,0,2,2,2,2,0,0,0,0,2,0,0,3,0.0,21,16:25,4,2,0,0,
50,2021-05-01,50,23-141,CGY,@,EDM,L,0,1,1,-1,4,0,0,0,0,1,0,0,5,0.0,23,17:15,3,0,0,0,
51,2021-05-05,51,23-145,CGY,,WPG,L,0,0,0,-2,0,0,0,0,0,0,0,0,2,0.0,23,19:10,1,0,0,0,
52,2021-05-09,52,23-149,CGY,,OTT,W,1,2,3,2,2,1,0,0,0,1,1,0,4,25.0,19,17:35,2,0,0,0,
53,2021-05-13,53,23-153,CGY,,VAN,W,1,1,2,2,0,0,1,0,0,1,0,0,1,100.0,23,18:48,0,0,0,0,
54,2021-05-16,54,23-156,CGY,@,VAN,W,1,0,1,-2,0,1,0,0,0,0,0,0,3,33.3,27,20:55,0,0,0,0,
55,2021-05-18,55,23-158,CGY,@,VAN,L,1,0,1,-1,0,1,0,0,0,0,0,0,2,50.0,21,17:35,2,0,0,0,
56,2021-05-19,56,23-159,CGY,,VAN,W,2,0,2,2,4,2,0,0,0,0,0,0,5,40.0,22,15:40,0,0,0,0,
1,2019-10-03,1,21-296,CGY,@,COL,L,0,1,1,-2,0,0,0,0,0,0,1,0,3,0.0,23,17:57,2,0,0,0,
2,2019-10-05,2,21-298,CGY,,VAN,W,0,0,0,0,0,0,0,0,0,0,0,0,3,0.0,18,13:05,2,0,0,0,
3,2019-10-08,3,21-301,CGY,,LAK,L-OT,2,1,3,3,0,2,0,0,0,1,0,0,2,100.0,26,20:25,7,1,0,0,
4,2019-10-10,4,21-303,CGY,@,DAL,W,0,1,1,1,2,0,0,0,0,1,0,0,0,,22,18:24,4,0,0,0,
5,2019-10-12,5,21-305,CGY,@,VEG,L,0,1,1,-1,0,0,0,0,0,1,0,0,1,0.0,19,12:51,1,1,0,0,
6,2019-10-13,6,21-306,CGY,@,SJS,L,0,0,0,-2,0,0,0,0,0,0,0,0,5,0.0,19,19:07,0,0,0,0,
7,2019-10-15,7,21-308,CGY,,PHI,W,0,0,0,1,2,0,0,0,0,0,0,0,2,0.0,29,18:10,0,0,0,0,
8,2019-10-17,8,21-310,CGY,,DET,W,0,1,1,0,0,0,0,0,0,0,1,0,3,0.0,19,19:34,1,0,0,0,
9,2019-10-19,9,21-312,CGY,@,LAK,L,0,0,0,-2,14,0,0,0,0,0,0,0,1,0.0,17,12:33,1,0,0,0,
10,2019-10-20,10,21-313,CGY,@,ANA,W,0,1,1,1,0,0,0,0,0,1,0,0,1,0.0,20,15:58,3,1,0,0,
11,2019-10-22,11,21-315,CGY,,WSH,L,0,0,0,-1,0,0,0,0,0,0,0,0,1,0.0,20,19:37,1,0,0,0,
12,2019-10-24,12,21-317,CGY,,FLA,W,2,0,2,-1,0,2,0,0,0,0,0,0,3,66.7,24,18:28,3,0,0,0,
13,2019-10-26,13,21-319,CGY,@,WPG,L-OT,0,0,0,-1,0,0,0,0,0,0,0,0,6,0.0,19,22:04,0,0,0,1,0.0
14,2019-10-29,14,21-322,CGY,@,CAR,L,0,0,0,0,2,0,0,0,0,0,0,0,8,0.0,25,20:58,4,0,0,1,0.0
15,2019-10-31,15,21-324,CGY,@,NSH,W,2,1,3,1,0,2,0,0,1,1,0,0,4,50.0,25,23:15,3,1,0,0,
16,2019-11-02,16,21-326,CGY,@,CBJ,W,1,0,1,1,0,1,0,0,0,0,0,0,6,16.7,22,16:26,0,0,0,0,
17,2019-11-03,17,21-327,CGY,@,WSH,L,0,1,1,0,0,0,0,0,0,1,0,0,1,0.0,25,17:22,1,1,0,0,
18,2019-11-05,18,21-329,CGY,,ARI,W,2,1,3,1,0,1,1,0,1,0,1,0,3,66.7,24,21:34,0,0,0,0,
19,2019-11-07,19,21-331,CGY,,NJD,W,0,0,0,1,0,0,0,0,0,0,0,0,2,0.0,20,17:55,0,0,0,0,
20,2019-11-09,20,21-333,CGY,,STL,L-OT,1,0,1,2,0,1,0,0,0,0,0,0,4,25.0,26,17:45,2,0,0,0,
21,2019-11-13,21,21-337,CGY,,DAL,L,0,1,1,-1,0,0,0,0,0,0,1,0,5,0.0,22,19:59,5,0,0,0,
22,2019-11-16,22,21-340,CGY,@,ARI,L,0,0,0,-2,4,0,0,0,0,0,0,0,1,0.0,19,17:44,4,0,0,0,
23,2019-11-17,23,21-341,CGY,@,VEG,L,0,0,0,0,4,0,0,0,0,0,0,0,1,0.0,18,15:14,2,1,0,0,
24,2019-11-19,24,21-343,CGY,,COL,L,0,0,0,-1,0,0,0,0,0,0,0,0,2,0.0,21,19:55,2,1,0,0,
25,2019-11-21,25,21-345,CGY,@,STL,L,0,0,0,-1,0,0,0,0,0,0,0,0,2,0.0,23,20:40,3,0,0,0,
26,2019-11-23,26,21-347,CGY,@,PHI,W,0,0,0,2,0,0,0,0,0,0,0,0,3,0.0,24,20:38,5,1,0,0,
27,2019-11-25,27,21-349,CGY,@,PIT,L-OT,0,1,1,-1,0,0,0,0,0,0,1,0,2,0.0,23,19:38,1,0,0,0,
28,2019-11-27,28,21-351,CGY,@,BUF,W,1,1,2,1,0,1,0,0,0,1,0,0,2,50.0,23,19:33,1,0,0,0,
29,2019-11-30,29,21-354,CGY,,OTT,W,0,1,1,0,0,0,0,0,0,0,1,0,4,0.0,18,18:07,1,1,0,0,
30,2019-12-05,30,21-359,CGY,,BUF,W,0,1,1,-1,2,0,0,0,0,0,1,0,0,,20,14:44,2,0,0,0,
31,2019-12-07,31,21-361,CGY,,LAK,W,0,0,0,0,0,0,0,0,0,0,0,0,1,0.0,23,20:00,4,0,0,0,
32,2019-12-09,32,21-363,CGY,@,COL,W,1,1,2,0,0,0,1,0,0,1,0,0,3,33.3,26,18:02,3,0,0,0,
33,2019-12-12,33,22-001,CGY,,TOR,W,0,0,0,-1,0,0,0,0,0,0,0,0,2,0.0,24,17:54,2,0,0,0,
34,2019-12-14,34,22-003,CGY,,CAR,L,0,0,0,-1,0,0,0,0,0,0,0,0,4,0.0,20,18:41,1,0,0,0,
35,2019-12-17,35,22-006,CGY,,PIT,L,0,0,0,-2,0,0,0,0,0,0,0,0,4,0.0,19,18:41,0,2,0,0,
36,2019-12-19,36,22-008,CGY,,MTL,L-OT,1,1,2,-1,0,1,0,0,0,0,1,0,2,50.0,24,19:54,0,0,0,0,
37,2019-12-22,37,22-011,CGY,@,DAL,W,1,2,3,1,0,0,1,0,1,1,1,0,4,25.0,20,16:24,3,0,0,0,
38,2019-12-23,38,22-012,CGY,@,MIN,L,0,0,0,-2,0,0,0,0,0,0,0,0,1,0.0,22,16:59,1,0,0,0,
39,2019-12-27,39,22-016,CGY,@,EDM,W,1,0,1,3,0,1,0,0,1,0,0,0,4,25.0,21,15:33,1,0,0,0,
40,2019-12-29,40,22-018,CGY,,VAN,L,0,2,2,0,4,0,0,0,0,2,0,0,2,0.0,25,17:00,2,0,0,0,
41,2019-12-31,41,22-020,CGY,,CHI,L,0,1,1,-3,0,0,0,0,0,1,0,0,5,0.0,22,16:44,2,0,0,0,
42,2020-01-02,42,22-022,CGY,,NYR,W,0,0,0,0,0,0,0,0,0,0,0,0,1,0.0,23,20:11,2,0,0,0,
43,2020-01-05,43,22-025,CGY,@,MIN,W,0,0,0,0,0,0,0,0,0,0,0,0,2,0.0,22,18:00,2,0,0,0,
44,2020-01-07,44,22-027,CGY,@,CHI,W,0,2,2,1,0,0,0,0,0,2,0,0,4,0.0,22,18:52,2,1,0,0,
45,2020-01-09,45,22-029,CGY,,MIN,W,0,0,0,0,0,0,0,0,0,0,0,0,2,0.0,17,14:52,0,0,0,0,
46,2020-01-11,46,22-031,CGY,,EDM,W,0,0,0,1,0,0,0,0,0,0,0,0,1,0.0,20,17:29,6,0,0,0,
47,2020-01-13,47,22-033,CGY,@,MTL,L,0,0,0,0,0,0,0,0,0,0,0,0,1,0.0,19,19:35,1,0,0,0,
48,2020-01-16,48,22-036,CGY,@,TOR,W,0,0,0,0,0,0,0,0,0,0,0,0,2,0.0,21,17:11,2,1,0,0,
49,2020-01-18,49,22-038,CGY,@,OTT,L,0,0,0,-3,0,0,0,0,0,0,0,0,6,0.0,21,19:27,1,0,0,1,0.0
50,2020-01-28,50,22-048,CGY,,STL,L-SO,1,1,2,-2,0,0,1,0,0,0,1,0,2,50.0,25,20:00,2,0,0,1,0.0
51,2020-01-29,51,22-049,CGY,@,EDM,W,0,1,1,2,7,0,0,0,0,1,0,0,3,0.0,26,19:37,2,0,0,0,
52,2020-02-01,52,22-052,CGY,,EDM,L,1,0,1,1,15,1,0,0,0,0,0,0,1,100.0,20,16:40,1,0,0,0,
53,2020-02-04,53,22-055,CGY,,SJS,L,0,0,0,-2,0,0,0,0,0,0,0,0,5,0.0,22,18:42,0,0,0,0,
54,2020-02-06,54,22-057,CGY,,NSH,L,0,1,1,0,0,0,0,0,0,1,0,0,3,0.0,23,20:15,1,2,0,0,
55,2020-02-08,55,22-059,CGY,@,VAN,W,1,0,1,0,5,1,0,0,0,0,0,0,5,20.0,19,14:33,1,0,0,0,
56,2020-02-10,56,22-061,CGY,@,SJS,W,1,0,1,0,0,0,1,0,0,0,0,0,2,50.0,22,21:47,0,1,0,0,
57,2020-02-12,57,22-063,CGY,@,LAK,L,0,1,1,1,4,0,0,0,0,1,0,0,2,0.0,22,22:29,3,0,0,0,
58,2020-02-13,58,22-064,CGY,@,ANA,W,0,1,1,1,0,0,0,0,0,1,0,0,1,0.0,18,14:02,1,0,0,0,
59,2020-02-15,59,22-066,CGY,,CHI,L,0,1,1,-4,0,0,0,0,0,0,1,0,5,0.0,20,18:30,1,1,0,0,
60,2020-02-17,60,22-068,CGY,,ANA,W,1,1,2,3,0,1,0,0,0,1,0,0,8,12.5,22,20:16,1,0,0,0,
61,2020-02-21,61,22-072,CGY,,BOS,L,0,1,1,0,5,0,0,0,0,1,0,0,1,0.0,24,17:34,3,0,0,0,
62,2020-02-23,62,22-074,CGY,@,DET,W,0,0,0,1,0,0,0,0,0,0,0,0,3,0.0,19,17:19,0,1,0,0,
63,2020-02-25,63,22-076,CGY,@,BOS,W,1,2,3,3,0,1,0,0,0,1,1,0,3,33.3,24,19:05,2,0,0,0,
64,2020-02-27,64,22-078,CGY,@,NSH,L-OT,0,1,1,1,2,0,0,0,0,1,0,0,3,0.0,21,17:31,2,0,0,0,
65,2020-02-29,65,22-080,CGY,@,TBL,L,0,1,1,1,0,0,0,0,0,0,1,0,1,0.0,22,21:28,0,0,0,0,
66,2020-03-01,66,22-081,CGY,@,FLA,W,0,0,0,0,2,0,0,0,0,0,0,0,2,0.0,19,16:27,0,1,0,0,
67,2020-03-04,67,22-084,CGY,,CBJ,W,1,0,1,0,0,1,0,0,0,0,0,0,3,33.3,22,19:40,0,1,0,0,
68,2020-03-06,68,22-086,CGY,,ARI,W,0,3,3,0,0,0,0,0,0,2,1,0,1,0.0,21,16:34,5,1,0,0,
69,2020-03-08,69,22-088,CGY,,VEG,L,1,0,1,-2,0,1,0,0,0,0,0,0,2,50.0,24,19:37,1,1,0,0,
1,2018-10-03,1,20-296,CGY,@,VAN,L,1,0,1,0,2,1,0,0,0,0,0,0,3,33.3,23,22:19,0,0,0,0,
2,2018-10-06,2,20-299,CGY,,VAN,W,0,4,4,1,2,0,0,0,0,1,3,0,1,0.0,19,17:11,2,1,0,0,
3,2018-10-09,3,20-302,CGY,@,NSH,W,0,1,1,0,2,0,0,0,0,0,1,0,3,0.0,23,14:48,1,0,0,0,
4,2018-10-11,4,20-304,CGY,@,STL,L,0,1,1,1,2,0,0,0,0,1,0,0,2,0.0,18,15:46,5,0,0,0,
5,2018-10-13,5,20-306,CGY,@,COL,W,0,0,0,0,2,0,0,0,0,0,0,0,5,0.0,24,19:27,0,1,0,0,
6,2018-10-17,6,20-310,CGY,,BOS,W,1,1,2,2,0,1,0,0,0,1,0,0,2,50.0,21,16:59,0,0,0,0,
7,2018-10-19,7,20-312,CGY,,NSH,L,1,0,1,-2,0,0,1,0,0,0,0,0,2,50.0,21,18:14,0,1,0,0,
8,2018-10-21,8,20-314,CGY,@,NYR,W,0,0,0,0,0,0,0,0,0,0,0,0,2,0.0,19,16:28,3,0,0,0,
9,2018-10-23,9,20-316,CGY,@,MTL,L,0,2,2,2,0,0,0,0,0,2,0,0,1,0.0,20,17:59,2,0,0,0,
10,2018-10-25,10,20-318,CGY,,PIT,L,0,0,0,-4,0,0,0,0,0,0,0,0,1,0.0,21,15:36,1,0,0,0,
11,2018-10-27,11,20-320,CGY,,WSH,L-SO,1,0,1,0,0,1,0,0,0,0,0,0,2,50.0,26,19:17,0,1,0,0,
12,2018-10-29,12,20-322,CGY,@,TOR,W,0,0,0,1,2,0,0,0,0,0,0,0,1,0.0,23,20:14,1,0,0,0,
13,2018-10-30,13,20-323,CGY,@,BUF,W,1,0,1,1,4,1,0,0,0,0,0,0,4,25.0,24,19:16,0,0,0,0,
14,2018-11-01,14,20-325,CGY,,COL,W,0,3,3,2,0,0,0,0,0,3,0,0,2,0.0,24,18:25,2,0,0,0,
15,2018-11-03,15,20-327,CGY,,CHI,W,1,0,1,0,0,1,0,0,0,0,0,0,2,50.0,25,19:36,0,0,0,0,
16,2018-11-07,16,20-331,CGY,@,ANA,L,1,0,1,-1,2,0,1,0,0,0,0,0,4,25.0,24,20:30,1,0,0,0,
17,2018-11-10,17,20-334,CGY,@,LAK,W,0,0,0,0,0,0,0,0,0,0,0,0,2,0.0,17,15:07,2,0,0,0,
18,2018-11-11,18,20-335,CGY,@,SJS,L,0,0,0,-3,0,0,0,0,0,0,0,0,0,,17,15:24,1,2,0,0,
19,2018-11-15,19,20-339,CGY,,MTL,L,2,0,2,0,0,1,1,0,0,0,0,0,6,33.3,21,17:17,1,0,0,0,
20,2018-11-17,20,20-341,CGY,,EDM,W,0,0,0,0,0,0,0,0,0,0,0,0,1,0.0,22,17:33,1,0,0,0,
21,2018-11-19,21,20-343,CGY,,VEG,W,2,2,4,1,0,1,1,0,0,1,1,0,2,100.0,17,13:21,0,0,0,0,
22,2018-11-21,22,20-345,CGY,,WPG,W,1,1,2,2,2,1,0,0,0,1,0,0,3,33.3,21,15:28,1,0,0,0,
23,2018-11-23,23,20-347,CGY,@,VEG,L,0,0,0,0,2,0,0,0,0,0,0,0,1,0.0,19,17:39,2,0,0,0,
24,2018-11-25,24,20-349,CGY,@,ARI,W,0,0,0,0,2,0,0,0,0,0,0,0,2,0.0,21,15:26,0,0,0,0,
25,2018-11-28,25,20-352,CGY,,DAL,L-OT,0,0,0,-1,0,0,0,0,0,0,0,0,3,0.0,20,18:41,0,0,0,0,
26,2018-11-30,26,20-354,CGY,,LAK,W,0,2,2,2,0,0,0,0,0,1,1,0,2,0.0,22,18:27,1,0,0,0,
27,2018-12-02,27,20-356,CGY,@,CHI,W,0,0,0,0,0,0,0,0,0,0,0,0,3,0.0,22,16:34,2,0,0,0,
28,2018-12-04,28,20-358,CGY,@,CBJ,W,1,2,3,1,0,0,1,0,0,1,1,0,2,50.0,26,18:13,1,0,0,0,
29,2018-12-06,29,20-360,CGY,,MIN,W,0,0,0,0,0,0,0,0,0,0,0,0,2,0.0,19,16:12,1,0,0,0,
30,2018-12-08,30,20-362,CGY,,NSH,W,0,1,1,-1,0,0,0,0,0,1,0,0,0,,19,15:03,1,0,0,0,
31,2018-12-09,31,20-363,CGY,@,EDM,L,0,0,0,-1,0,0,0,0,0,0,0,0,0,,20,14:56,2,0,0,0,
32,2018-12-12,32,21-001,CGY,,PHI,W,0,4,4,3,0,0,0,0,0,3,1,0,7,0.0,19,17:43,0,0,0,0,
33,2018-12-15,33,21-004,CGY,@,MIN,W,1,0,1,1,5,1,0,0,1,0,0,0,3,33.3,23,19:05,0,0,2,0,100.0
34,2018-12-16,34,21-005,CGY,@,STL,W,1,1,2,0,2,0,1,0,0,0,1,0,6,16.7,22,18:07,0,0,1,2,33.3
35,2018-12-18,35,21-007,CGY,@,DAL,L,0,0,0,-2,0,0,0,0,0,0,0,0,0,,23,23:46,0,0,0,0,
36,2018-12-20,36,21-009,CGY,,TBL,L-SO,0,1,1,1,0,0,0,0,0,1,0,0,5,0.0,25,17:11,0,0,0,0,
37,2018-12-22,37,21-011,CGY,,STL,L,1,0,1,0,0,0,1,0,0,0,0,0,1,100.0,26,20:49,0,1,0,0,
38,2018-12-27,38,21-016,CGY,@,WPG,W,0,0,0,0,0,0,0,0,0,0,0,0,2,0.0,21,16:58,2,0,0,0,
39,2018-12-29,39,21-018,CGY,,VAN,L-OT,0,0,0,0,0,0,0,0,0,0,0,0,0,,25,19:15,2,0,0,0,
40,2018-12-31,40,21-020,CGY,,SJS,W,2,2,4,3,10,1,1,0,0,2,0,0,5,40.0,24,20:17,1,0,0,0,
41,2019-01-02,41,21-022,CGY,@,DET,W,0,1,1,0,0,0,0,0,0,0,1,0,3,0.0,24,15:23,0,0,0,0,
42,2019-01-03,42,21-023,CGY,@,BOS,L,0,0,0,-1,0,0,0,0,0,0,0,0,2,0.0,24,17:53,1,0,0,0,
43,2019-01-05,43,21-025,CGY,@,PHI,W,1,1,2,2,0,1,0,0,0,1,0,0,4,25.0,22,16:29,1,0,0,0,
44,2019-01-07,44,21-027,CGY,@,CHI,W,0,1,1,-2,2,0,0,0,0,0,1,0,1,0.0,20,17:35,0,0,0,0,
45,2019-01-09,45,21-029,CGY,,COL,W,1,0,1,2,0,1,0,0,0,0,0,0,1,100.0,24,17:36,1,0,0,0,
46,2019-01-11,46,21-031,CGY,,FLA,W,1,0,1,2,0,1,0,0,0,0,0,0,3,33.3,25,19:13,1,0,0,1,0.0
47,2019-01-13,47,21-033,CGY,,ARI,W,2,0,2,2,0,2,0,0,0,0,0,0,4,50.0,18,14:39,4,0,0,0,
48,2019-01-16,48,21-036,CGY,,BUF,L-OT,1,0,1,-3,0,0,1,0,0,0,0,0,3,33.3,24,20:21,2,1,0,0,
49,2019-01-18,49,21-038,CGY,,DET,W,0,1,1,1,2,0,0,0,0,1,0,0,7,0.0,19,14:05,0,0,0,0,
50,2019-01-19,50,21-039,CGY,@,EDM,W,0,1,1,0,0,0,0,0,0,0,1,0,2,0.0,18,14:42,1,0,0,0,
51,2019-01-22,51,21-042,CGY,,CAR,W,0,0,0,0,0,0,0,0,0,0,0,0,1,0.0,17,14:34,1,1,0,0,
52,2019-02-01,52,21-052,CGY,@,WSH,L,0,0,0,0,5,0,0,0,0,0,0,0,4,0.0,19,16:00,1,0,0,0,
53,2019-02-03,53,21-054,CGY,@,CAR,W,0,0,0,0,0,0,0,0,0,0,0,0,2,0.0,22,18:38,1,0,0,0,
54,2019-02-07,54,21-058,CGY,,SJS,L,0,0,0,-1,0,0,0,0,0,0,0,0,1,0.0,20,18:21,0,0,0,0,
55,2019-02-09,55,21-060,CGY,@,VAN,L-SO,0,0,0,-1,0,0,0,0,0,0,0,0,5,0.0,21,17:50,1,0,0,0,
56,2019-02-12,56,21-063,CGY,@,TBL,L,0,0,0,-2,0,0,0,0,0,0,0,0,0,,19,18:31,1,0,0,0,
57,2019-02-14,57,21-065,CGY,@,FLA,L-SO,0,0,0,0,0,0,0,0,0,0,0,0,3,0.0,21,17:19,2,1,0,0,
58,2019-02-16,58,21-067,CGY,@,PIT,W,0,1,1,1,0,0,0,0,0,1,0,0,4,0.0,23,22:19,1,0,0,0,
59,2019-02-18,59,21-069,CGY,,ARI,W,0,1,1,1,0,0,0,0,0,1,0,0,0,,21,18:10,1,0,1,0,100.0
60,2019-02-20,60,21-071,CGY,,NYI,W,0,0,0,-2,0,0,0,0,0,0,0,0,1,0.0,19,17:39,1,0,1,1,50.0
61,2019-02-22,61,21-073,CGY,,ANA,W,0,0,0,1,2,0,0,0,0,0,0,0,1,0.0,19,15:23,2,0,0,0,
62,2019-02-24,62,21-075,CGY,@,OTT,W,0,0,0,1,0,0,0,0,0,0,0,0,4,0.0,19,16:46,1,1,0,1,0.0
63,2019-02-26,63,21-077,CGY,@,NYI,W,1,0,1,-1,0,0,1,0,0,0,0,0,3,33.3,20,19:08,5,0,0,0,
64,2019-02-27,64,21-078,CGY,@,NJD,W,0,1,1,-1,0,0,0,0,0,0,1,0,3,0.0,18,14:57,1,0,0,0,
65,2019-03-02,65,21-081,CGY,,MIN,L,0,0,0,0,0,0,0,0,0,0,0,0,4,0.0,23,18:13,3,0,0,0,
66,2019-03-04,66,21-083,CGY,,TOR,L,1,0,1,-1,2,0,1,0,0,0,0,0,2,50.0,22,15:17,4,0,0,0,
67,2019-03-06,67,21-085,CGY,@,VEG,L,0,1,1,0,4,0,0,0,0,1,0,0,5,0.0,22,16:29,2,0,0,0,
68,2019-03-07,68,21-086,CGY,@,ARI,L,0,0,0,0,0,0,0,0,0,0,0,0,1,0.0,19,19:39,1,0,0,1,0.0
69,2019-03-10,69,21-089,CGY,,VEG,W,3,1,4,3,0,3,0,0,0,1,0,0,3,100.0,22,15:22,2,0,0,0,
70,2019-03-12,70,21-091,CGY,,NJD,W,1,0,1,-1,0,1,0,0,0,0,0,0,5,20.0,19,17:24,1,1,0,0,
71,2019-03-15,71,21-094,CGY,,NYR,W,2,3,5,5,0,2,0,0,1,3,0,0,5,40.0,22,19:07,3,0,0,0,
72,2019-03-16,72,21-095,CGY,@,WPG,L,0,0,0,0,0,0,0,0,0,0,0,0,4,0.0,22,19:27,1,0,0,0,
73,2019-03-19,73,21-098,CGY,,CBJ,W,1,0,1,2,0,1,0,0,0,0,0,0,3,33.3,23,18:30,6,0,0,0,
74,2019-03-21,74,21-100,CGY,,OTT,W,1,1,2,2,2,1,0,0,0,1,0,0,4,25.0,22,18:32,5,1,0,0,
75,2019-03-23,75,21-102,CGY,@,VAN,W,0,0,0,0,0,0,0,0,0,0,0,0,2,0.0,20,17:22,2,0,0,0,
76,2019-03-25,76,21-104,CGY,,LAK,L,0,0,0,-2,2,0,0,0,0,0,0,0,0,,18,17:37,3,0,0,0,
77,2019-03-27,77,21-106,CGY,,DAL,L,0,0,0,0,0,0,0,0,0,0,0,0,3,0.0,24,18:10,0,0,0,0,
78,2019-03-29,78,21-108,CGY,,ANA,W,0,0,0,-1,0,0,0,0,0,0,0,0,4,0.0,18,15:56,1,0,0,0,
79,2019-03-31,79,21-110,CGY,@,SJS,W,0,1,1,0,0,0,0,0,0,1,0,0,1,0.0,21,17:08,1,0,0,0,
80,2019-04-03,80,21-113,CGY,@,ANA,L,0,0,0,-1,0,0,0,0,0,0,0,0,4,0.0,17,19:34,0,0,1,1,50.0
1,2017-10-04,1,19-297,CGY,@,EDM,L,0,0,0,0,2,0,0,0,0,0,0,0,2,0.0,20,16:01,1,0,0,0,
2,2017-10-07,2,19-300,CGY,,WPG,W,0,1,1,1,0,0,0,0,0,1,0,0,1,0.0,22,16:04,1,0,0,0,
3,2017-10-09,3,19-302,CGY,@,ANA,W,0,1,1,1,2,0,0,0,0,1,0,0,1,0.0,19,14:36,1,0,0,0,
4,2017-10-11,4,19-304,CGY,@,LAK,W,2,0,2,1,2,1,1,0,0,0,0,0,8,25.0,18,16:34,0,0,0,0,
5,2017-10-13,5,19-306,CGY,,OTT,L,0,0,0,-1,2,0,0,0,0,0,0,0,5,0.0,16,13:35,0,0,0,0,
6,2017-10-14,6,19-307,CGY,@,VAN,W,0,1,1,-1,0,0,0,0,0,1,0,0,2,0.0,15,14:09,2,0,0,0,
7,2017-10-19,7,19-312,CGY,,CAR,L,0,0,0,0,4,0,0,0,0,0,0,0,1,0.0,16,13:00,0,0,0,0,
8,2017-10-21,8,19-314,CGY,,MIN,L,0,0,0,0,0,0,0,0,0,0,0,0,0,,18,17:44,1,0,0,0,
9,2017-10-24,9,19-317,CGY,@,NSH,W,1,0,1,1,0,1,0,0,0,0,0,0,5,20.0,20,15:51,0,0,0,0,
10,2017-10-25,10,19-318,CGY,@,STL,L,0,2,2,-1,0,0,0,0,0,2,0,0,2,0.0,20,17:31,3,1,0,0,
11,2017-10-27,11,19-320,CGY,,DAL,L,0,0,0,0,2,0,0,0,0,0,0,0,4,0.0,25,19:00,0,0,0,0,
12,2017-10-29,12,19-322,CGY,,WSH,W,0,0,0,0,0,0,0,0,0,0,0,0,3,0.0,20,17:07,0,1,0,0,
13,2017-11-02,13,19-326,CGY,,PIT,W,0,1,1,0,0,0,0,0,0,1,0,0,2,0.0,23,20:04,0,1,0,0,
14,2017-11-05,14,19-329,CGY,,NJD,W,0,0,0,0,0,0,0,0,0,0,0,0,1,0.0,22,18:02,0,0,0,0,
15,2017-11-07,15,19-331,CGY,,VAN,L,0,1,1,-1,0,0,0,0,0,0,1,0,2,0.0,19,15:25,1,0,0,0,
16,2017-11-09,16,19-333,CGY,,DET,W,1,0,1,1,0,1,0,0,1,0,0,0,6,16.7,20,15:57,0,0,0,0,
17,2017-11-13,17,19-337,CGY,,STL,W,0,2,2,1,0,0,0,0,0,2,0,0,2,0.0,21,17:36,1,0,0,0,
18,2017-11-15,18,19-339,CGY,@,DET,L,0,0,0,-1,15,0,0,0,0,0,0,0,0,,17,14:02,2,0,0,0,
19,2017-11-20,19,19-344,CGY,@,WSH,W,0,2,2,0,0,0,0,0,0,0,2,0,0,,16,13:41,0,1,0,0,
20,2017-11-22,20,19-346,CGY,@,CBJ,L-OT,0,0,0,0,0,0,0,0,0,0,0,0,3,0.0,16,15:05,0,0,0,0,
21,2017-11-24,21,19-348,CGY,@,DAL,L,0,0,0,-1,0,0,0,0,0,0,0,0,1,0.0,17,14:21,2,0,1,0,100.0
22,2017-11-25,22,19-349,CGY,@,COL,W,0,1,1,1,0,0,0,0,0,0,1,0,2,0.0,20,16:35,0,1,0,0,
23,2017-11-28,23,19-352,CGY,,TOR,L,0,0,0,-2,0,0,0,0,0,0,0,0,3,0.0,22,18:38,1,0,0,1,0.0
24,2017-11-30,24,19-354,CGY,,ARI,W,0,1,1,1,0,0,0,0,0,1,0,0,2,0.0,17,15:28,2,0,0,0,
25,2017-12-02,25,19-356,CGY,,EDM,L,0,0,0,-3,0,0,0,0,0,0,0,0,4,0.0,19,16:23,0,2,0,0,
26,2017-12-04,26,19-358,CGY,,PHI,L,0,0,0,-1,0,0,0,0,0,0,0,0,4,0.0,21,16:10,0,0,0,1,0.0
27,2017-12-06,27,19-360,CGY,@,TOR,L-SO,0,0,0,0,0,0,0,0,0,0,0,0,1,0.0,20,16:03,1,1,0,0,
28,2017-12-09,28,19-363,CGY,,VAN,W,2,0,2,2,0,2,0,0,0,0,0,0,5,40.0,20,16:02,2,0,0,0,
29,2017-12-12,29,20-001,CGY,@,MIN,L-SO,0,0,0,-1,0,0,0,0,0,0,0,0,1,0.0,19,16:39,0,0,0,0,
30,2017-12-14,30,20-003,CGY,,SJS,L,0,0,0,1,0,0,0,0,0,0,0,0,3,0.0,22,14:59,2,0,0,0,
31,2017-12-16,31,20-005,CGY,,NSH,L,0,0,0,-1,2,0,0,0,0,0,0,0,4,0.0,23,19:47,0,0,0,0,
32,2017-12-17,32,20-006,CGY,@,VAN,W,1,0,1,1,0,1,0,0,0,0,0,0,2,50.0,18,16:37,1,0,0,0,
33,2017-12-20,33,20-009,CGY,,STL,W,0,0,0,1,0,0,0,0,0,0,0,0,1,0.0,18,17:08,4,0,0,0,
34,2017-12-22,34,20-011,CGY,,MTL,L,1,0,1,-1,0,0,1,0,0,0,0,0,1,100.0,19,19:32,3,0,0,0,
35,2017-12-28,35,20-017,CGY,@,SJS,L-SO,0,1,1,0,0,0,0,0,0,0,1,0,2,0.0,24,20:30,3,1,1,0,100.0
36,2017-12-29,36,20-018,CGY,@,ANA,L,0,0,0,-1,7,0,0,0,0,0,0,0,3,0.0,22,18:43,0,0,1,0,100.0
37,2017-12-31,37,20-020,CGY,,CHI,W,2,0,2,0,0,0,2,0,0,0,0,0,5,40.0,21,17:34,1,0,1,2,33.3
38,2018-01-04,38,20-024,CGY,,LAK,W,0,1,1,-1,0,0,0,0,0,1,0,0,3,0.0,23,18:33,6,0,0,0,
39,2018-01-06,39,20-026,CGY,,ANA,W,0,1,1,0,0,0,0,0,0,1,0,0,3,0.0,24,20:22,2,0,0,0,
40,2018-01-09,40,20-029,CGY,@,MIN,W,0,0,0,-1,2,0,0,0,0,0,0,0,1,0.0,20,14:47,1,1,0,0,
41,2018-01-11,41,20-031,CGY,@,TBL,W,1,0,1,1,0,1,0,0,0,0,0,0,4,25.0,19,15:11,0,0,0,0,
42,2018-01-12,42,20-032,CGY,@,FLA,W,1,1,2,2,0,1,0,0,0,1,0,0,1,100.0,19,16:08,0,0,0,0,
43,2018-01-14,43,20-034,CGY,@,CAR,W,1,1,2,1,2,0,1,0,0,1,0,0,3,33.3,18,14:33,2,1,1,0,100.0
44,2018-01-20,44,20-040,CGY,,WPG,L-SO,0,0,0,0,0,0,0,0,0,0,0,0,1,0.0,22,18:27,0,1,0,0,
45,2018-01-22,45,20-042,CGY,,BUF,L-OT,1,0,1,0,0,0,1,0,0,0,0,0,6,16.7,19,19:21,0,0,0,0,
46,2018-01-24,46,20-044,CGY,,LAK,L-OT,0,0,0,0,0,0,0,0,0,0,0,0,2,0.0,22,18:58,2,1,0,0,
47,2018-01-25,47,20-045,CGY,@,EDM,L-SO,2,0,2,2,0,2,0,0,0,0,0,0,2,100.0,24,19:00,2,0,0,0,
48,2018-01-30,48,20-050,CGY,,VEG,L,1,0,1,-2,0,1,0,0,0,0,0,0,1,100.0,23,17:59,0,0,0,0,
49,2018-02-01,49,20-052,CGY,,TBL,L,0,1,1,0,5,0,0,0,0,1,0,0,3,0.0,18,15:59,0,0,0,0,
50,2018-02-03,50,20-054,CGY,,CHI,W,0,0,0,0,0,0,0,0,0,0,0,0,3,0.0,22,20:06,2,0,0,0,
51,2018-02-06,51,20-057,CGY,@,CHI,W,0,0,0,0,0,0,0,0,0,0,0,0,2,0.0,18,17:22,4,1,0,0,
52,2018-02-08,52,20-059,CGY,@,NJD,W,0,0,0,0,0,0,0,0,0,0,0,0,3,0.0,22,19:03,0,0,0,0,
53,2018-02-09,53,20-060,CGY,@,NYR,L,1,0,1,-1,0,0,1,0,0,0,0,0,5,20.0,19,17:01,1,0,0,0,
54,2018-02-11,54,20-062,CGY,@,NYI,W,2,0,2,2,0,2,0,0,1,0,0,0,6,33.3,18,20:55,0,0,0,0,
55,2018-02-13,55,20-064,CGY,@,BOS,L,0,0,0,-2,0,0,0,0,0,0,0,0,1,0.0,18,15:54,2,0,0,1,0.0
56,2018-02-15,56,20-066,CGY,@,NSH,W,1,1,2,1,0,0,1,0,0,1,0,0,1,100.0,20,16:02,1,0,1,1,50.0
57,2018-02-17,57,20-068,CGY,,FLA,L,0,1,1,-1,0,0,0,0,0,0,1,0,1,0.0,23,20:23,0,0,0,1,0.0
58,2018-02-19,58,20-070,CGY,,BOS,L-OT,1,0,1,-1,0,0,1,0,0,0,0,0,2,50.0,23,19:05,1,0,0,0,
59,2018-02-21,59,20-072,CGY,@,VEG,L,1,0,1,0,4,0,1,0,0,0,0,0,5,20.0,22,17:54,3,0,0,0,
60,2018-02-22,60,20-073,CGY,@,ARI,W,1,0,1,0,4,1,0,0,0,0,0,0,3,33.3,19,18:11,3,0,0,0,
61,2018-02-24,61,20-075,CGY,,COL,W,0,2,2,1,0,0,0,0,0,1,1,0,3,0.0,18,17:25,0,0,0,0,
62,2018-02-27,62,20-078,CGY,@,DAL,L,0,0,0,0,0,0,0,0,0,0,0,0,4,0.0,16,19:42,2,0,1,0,100.0
63,2018-02-28,63,20-079,CGY,@,COL,L,0,1,1,0,6,0,0,0,0,1,0,0,5,0.0,21,19:45,2,0,0,1,0.0
64,2018-03-02,64,20-081,CGY,,NYR,L,0,1,1,0,0,0,0,0,0,1,0,0,6,0.0,20,19:28,1,0,0,0,
65,2018-03-05,65,20-084,CGY,@,PIT,L-OT,0,0,0,1,0,0,0,0,0,0,0,0,4,0.0,19,17:31,4,1,0,1,0.0
66,2018-03-07,66,20-086,CGY,@,BUF,W,0,0,0,0,0,0,0,0,0,0,0,0,6,0.0,20,16:19,2,0,0,0,
67,2018-03-09,67,20-088,CGY,@,OTT,W,0,0,0,0,0,0,0,0,0,0,0,0,2,0.0,20,19:05,1,1,0,0,
68,2018-03-11,68,20-090,CGY,,NYI,L,0,0,0,0,0,0,0,0,0,0,0,0,2,0.0,20,20:21,1,0,0,1,0.0
1,2016-10-12,1,18-306,CGY,@,EDM,L,0,0,0,-1,2,0,0,0,0,0,0,0,2,0.0,20,12:30,2,0,0,0,
2,2016-10-14,2,18-308,CGY,,EDM,L,0,0,0,-1,0,0,0,0,0,0,0,0,3,0.0,17,13:33,0,0,0,0,
3,2016-10-15,3,18-309,CGY,@,VAN,L-SO,0,0,0,1,0,0,0,0,0,0,0,0,2,0.0,16,11:42,0,2,0,0,
4,2016-10-18,4,18-312,CGY,,BUF,W,1,0,1,0,2,1,0,0,0,0,0,0,1,100.0,16,10:39,2,0,0,0,
5,2016-10-20,5,18-314,CGY,,CAR,L,0,0,0,0,0,0,0,0,0,0,0,0,1,0.0,15,11:12,0,0,0,0,
6,2016-10-25,6,18-319,CGY,@,STL,W,0,1,1,1,2,0,0,0,0,1,0,0,3,0.0,19,13:34,1,0,0,0,
7,2016-10-28,7,18-322,CGY,,OTT,W,0,1,1,2,2,0,0,0,0,1,0,0,0,,12,9:33,0,0,0,0,
8,2016-10-30,8,18-324,CGY,,WSH,L,0,1,1,1,0,0,0,0,0,1,0,0,0,,17,10:58,2,0,1,1,50.0
9,2016-11-01,9,18-326,CGY,@,CHI,L,0,0,0,0,0,0,0,0,0,0,0,0,2,0.0,17,13:32,2,0,0,0,
10,2016-11-03,10,18-328,CGY,@,SJS,W,2,0,2,2,2,2,0,0,1,0,0,0,3,66.7,22,16:10,2,0,0,0,
11,2016-11-05,11,18-330,CGY,@,LAK,L,0,0,0,-2,2,0,0,0,0,0,0,0,3,0.0,21,16:35,1,1,0,0,
12,2016-11-06,12,18-331,CGY,@,ANA,L,0,0,0,0,5,0,0,0,0,0,0,0,2,0.0,15,11:17,1,0,0,0,
13,2016-11-15,13,18-340,CGY,@,MIN,W,0,0,0,0,0,0,0,0,0,0,0,0,2,0.0,23,17:52,1,1,0,1,0.0
14,2016-11-16,14,18-341,CGY,,ARI,W,1,0,1,0,2,1,0,0,0,0,0,0,2,50.0,23,17:08,1,0,0,1,0.0
15,2016-11-18,15,18-343,CGY,,CHI,L,0,0,0,-2,2,0,0,0,0,0,0,0,1,0.0,24,19:40,0,0,0,1,0.0
16,2016-11-20,16,18-345,CGY,@,DET,W,0,0,0,1,0,0,0,0,0,0,0,0,1,0.0,21,18:44,1,0,0,0,
17,2016-11-21,17,18-346,CGY,@,BUF,L,1,1,2,2,2,1,0,0,0,1,0,0,5,20.0,18,15:52,3,0,0,1,0.0
18,2016-11-23,18,18-348,CGY,@,CBJ,W,0,0,0,0,4,0,0,0,0,0,0,0,1,0.0,19,15:56,0,0,0,0,
19,2016-11-25,19,18-350,CGY,@,BOS,W,0,0,0,0,0,0,0,0,0,0,0,0,1,0.0,22,15:04,1,0,0,0,
20,2016-11-27,20,18-352,CGY,@,PHI,L,1,0,1,0,18,0,1,0,0,0,0,0,2,50.0,16,11:29,2,0,0,0,
21,2016-11-28,21,18-353,CGY,@,NYI,L-OT,0,0,0,0,0,0,0,0,0,0,0,0,1,0.0,18,14:30,1,0,0,0,
22,2016-11-30,22,18-355,CGY,,TOR,W,0,0,0,0,0,0,0,0,0,0,0,0,1,0.0,19,14:26,0,0,0,0,
23,2016-12-02,23,18-357,CGY,,MIN,W,0,1,1,0,4,0,0,0,0,0,1,0,1,0.0,26,18:16,1,1,0,0,
24,2016-12-04,24,18-359,CGY,,ANA,W,0,1,1,0,0,0,0,0,0,1,0,0,0,,23,15:34,1,0,0,0,
25,2016-12-06,25,18-361,CGY,@,DAL,W,0,0,0,-1,0,0,0,0,0,0,0,0,2,0.0,21,14:55,0,2,1,0,100.0
26,2016-12-08,26,18-363,CGY,@,ARI,W,0,0,0,0,0,0,0,0,0,0,0,0,5,0.0,24,17:41,0,0,1,0,100.0
27,2016-12-10,27,18-365,CGY,,WPG,W,0,3,3,2,0,0,0,0,0,2,1,0,0,,18,13:28,0,0,1,0,100.0
28,2016-12-14,28,19-003,CGY,,TBL,L,0,0,0,-1,4,0,0,0,0,0,0,0,1,0.0,15,10:15,3,0,0,0,
29,2016-12-16,29,19-005,CGY,,CBJ,L,0,0,0,0,7,0,0,0,0,0,0,0,3,0.0,16,13:23,2,0,0,0,
30,2016-12-19,30,19-008,CGY,@,ARI,W,0,2,2,1,0,0,0,0,0,1,1,0,3,0.0,20,14:26,1,0,0,0,
31,2016-12-20,31,19-009,CGY,@,SJS,L,0,1,1,-1,2,0,0,0,0,1,0,0,0,,18,14:06,1,0,0,0,
32,2016-12-23,32,19-012,CGY,,VAN,W,1,0,1,2,0,1,0,0,0,0,0,0,5,20.0,23,16:37,0,0,0,0,
33,2016-12-27,33,19-016,CGY,@,COL,W,0,1,1,2,2,0,0,0,0,1,0,0,1,0.0,15,11:36,1,0,0,0,
34,2016-12-29,34,19-018,CGY,,ANA,L,0,1,1,1,0,0,0,0,0,1,0,0,0,,20,14:28,0,1,0,1,0.0
35,2016-12-31,35,19-020,CGY,,ARI,W,0,1,1,-1,6,0,0,0,0,0,1,0,1,0.0,15,10:26,0,0,0,0,
36,2017-01-04,36,19-024,CGY,,COL,W,0,1,1,0,0,0,0,0,0,0,1,0,1,0.0,20,13:51,1,1,0,1,0.0
37,2017-01-06,37,19-026,CGY,@,VAN,L,0,1,1,1,2,0,0,0,0,1,0,0,0,,21,16:39,1,0,0,0,
38,2017-01-07,38,19-027,CGY,,VAN,W,0,1,1,1,2,0,0,0,0,1,0,0,4,0.0,19,15:40,2,1,0,1,0.0
39,2017-01-09,39,19-029,CGY,@,WPG,L,0,0,0,-2,0,0,0,0,0,0,0,0,1,0.0,19,15:26,3,0,0,0,
40,2017-01-11,40,19-031,CGY,,SJS,W,1,1,2,2,2,0,1,0,0,1,0,0,5,20.0,24,15:26,1,0,0,0,
41,2017-01-13,41,19-033,CGY,,NJD,L,0,0,0,0,0,0,0,0,0,0,0,0,1,0.0,20,16:18,1,0,0,0,
42,2017-01-14,42,19-034,CGY,@,EDM,L-SO,0,0,0,0,0,0,0,0,0,0,0,0,1,0.0,18,14:14,0,1,0,0,
43,2017-01-17,43,19-037,CGY,,FLA,W,0,2,2,-1,0,0,0,0,0,1,1,0,1,0.0,18,12:22,1,0,0,0,
44,2017-01-19,44,19-039,CGY,,NSH,L,0,0,0,1,0,0,0,0,0,0,0,0,3,0.0,19,15:40,1,0,0,0,
45,2017-01-21,45,19-041,CGY,,EDM,L,1,0,1,-1,14,0,1,0,0,0,0,0,2,50.0,16,11:46,2,0,1,1,50.0
46,2017-01-23,46,19-043,CGY,@,TOR,L,0,0,0,-1,2,0,0,0,0,0,0,0,4,0.0,20,16:53,3,0,0,0,
47,2017-01-24,47,19-044,CGY,@,MTL,L,0,1,1,0,0,0,0,0,0,0,1,0,1,0.0,19,13:00,2,0,0,0,
48,2017-01-26,48,19-046,CGY,@,OTT,W,0,0,0,-1,0,0,0,0,0,0,0,0,2,0.0,18,11:35,0,0,0,0,
49,2017-02-01,49,19-052,CGY,,MIN,W,0,0,0,0,0,0,0,0,0,0,0,0,5,0.0,18,13:28,1,0,0,1,0.0
50,2017-02-03,50,19-054,CGY,@,NJD,W,0,0,0,-1,0,0,0,0,0,0,0,0,1,0.0,19,14:06,0,0,0,0,
51,2017-02-05,51,19-056,CGY,@,NYR,L,1,1,2,1,0,1,0,0,0,0,1,0,3,33.3,21,16:32,1,0,0,0,
52,2017-02-07,52,19-058,CGY,@,PIT,W,0,1,1,1,0,0,0,0,0,1,0,0,2,0.0,21,15:41,2,0,0,1,0.0
53,2017-02-13,53,19-064,CGY,,ARI,L,0,0,0,-3,0,0,0,0,0,0,0,0,0,,18,15:26,0,0,1,0,100.0
54,2017-02-15,54,19-066,CGY,,PHI,W,1,1,2,3,0,1,0,0,0,1,0,0,2,50.0,21,14:04,1,1,1,1,50.0
55,2017-02-18,55,19-069,CGY,@,VAN,L-OT,0,1,1,1,0,0,0,0,0,1,0,0,1,0.0,17,13:14,1,0,0,2,0.0
56,2017-02-21,56,19-072,CGY,@,NSH,W,0,2,2,1,2,0,0,0,0,2,0,0,3,0.0,19,13:22,1,0,0,0,
57,2017-02-23,57,19-074,CGY,@,TBL,W,0,0,0,1,0,0,0,0,0,0,0,0,2,0.0,19,13:44,0,0,0,0,
58,2017-02-24,58,19-075,CGY,@,FLA,W,0,2,2,1,0,0,0,0,0,2,0,0,1,0.0,18,14:03,1,0,0,0,
59,2017-02-26,59,19-077,CGY,@,CAR,W,0,0,0,0,0,0,0,0,0,0,0,0,1,0.0,18,13:31,0,0,0,1,0.0
60,2017-02-28,60,19-079,CGY,,LAK,W,0,0,0,0,0,0,0,0,0,0,0,0,4,0.0,23,15:47,1,2,0,0,
61,2017-03-03,61,19-082,CGY,,DET,W,1,0,1,-1,0,1,0,0,0,0,0,0,3,33.3,22,16:54,0,0,0,0,
62,2017-03-05,62,19-084,CGY,,NYI,W,0,0,0,1,0,0,0,0,0,0,0,0,5,0.0,18,14:42,0,1,0,0,
63,2017-03-09,63,19-088,CGY,,MTL,W,0,1,1,1,0,0,0,0,0,1,0,0,1,0.0,21,15:01,2,0,1,0,100.0
64,2017-03-11,64,19-090,CGY,@,WPG,W,0,1,1,0,0,0,0,0,0,0,1,0,4,0.0,20,15:45,0,0,0,0,
65,2017-03-13,65,19-092,CGY,,PIT,W,0,0,0,-2,0,0,0,0,0,0,0,0,2,0.0,26,17:06,0,1,0,0,
66,2017-03-15,66,19-094,CGY,,BOS,L,0,0,0,0,0,0,0,0,0,0,0,0,0,,22,18:05,0,1,0,0,
67,2017-03-17,67,19-096,CGY,,DAL,W,1,1,2,3,0,1,0,0,1,1,0,0,2,50.0,22,15:52,0,0,0,0,
68,2017-03-19,68,19-098,CGY,,LAK,W,0,0,0,0,2,0,0,0,0,0,0,0,2,0.0,19,13:45,0,0,0,0,
69,2017-03-25,69,19-104,CGY,@,STL,W,0,0,0,0,2,0,0,0,0,0,0,0,4,0.0,20,16:28,1,0,0,0,
70,2017-03-27,70,19-106,CGY,,COL,W,0,0,0,0,0,0,0,0,0,0,0,0,1,0.0,17,16:18,0,1,0,0,
71,2017-03-29,71,19-108,CGY,,LAK,L,0,0,0,-2,7,0,0,0,0,0,0,0,0,,18,12:30,2,0,0,0,
72,2017-03-31,72,19-110,CGY,,SJS,W,0,1,1,-1,0,0,0,0,0,0,1,0,3,0.0,21,15:17,0,2,0,0,
73,2017-04-02,73,19-112,CGY,,ANA,L,0,0,0,1,0,0,0,0,0,0,0,0,1,0.0,21,17:59,0,0,0,0,
74,2017-04-04,74,19-114,CGY,@,ANA,L,0,0,0,1,0,0,0,0,0,0,0,0,1,0.0,17,16:40,0,0,0,0,
75,2017-04-06,75,19-116,CGY,@,LAK,W,0,0,0,0,0,0,0,0,0,0,0,0,1,0.0,17,14:19,0,1,0,0,
76,2017-04-08,76,19-118,CGY,@,SJS,L,0,1,1,1,0,0,0,0,0,1,0,0,0,,20,18:38,0,1,0,0,