Rk,Date,G,Age,Tm,,Opp,,G,A,PTS,+/-,PIM,EV,PP,SH,GW,EV,PP,SH,S,S%,SHFT,TOI,HIT,BLK,FOW,FOL,FO%
1,2023-10-10,1,36-064,PIT,,CHI,L,1,0,1,-2,0,1,0,0,0,0,0,0,4,25.0,21,18:28,0,1,15,9,62.5
2,2023-10-13,2,36-067,PIT,@,WSH,W,2,0,2,0,0,0,2,0,0,0,0,0,5,40.0,22,17:43,2,0,15,6,71.4
3,2023-10-14,3,36-068,PIT,,CGY,W,0,1,1,2,2,0,0,0,0,1,0,0,3,0.0,22,18:04,1,1,12,14,46.2
4,2023-10-18,4,36-072,PIT,@,DET,L,0,1,1,1,0,0,0,0,0,1,0,0,3,0.0,25,21:30,1,0,15,6,71.4
5,2023-10-21,5,36-075,PIT,@,STL,L,0,0,0,-2,0,0,0,0,0,0,0,0,3,0.0,20,19:57,1,1,11,10,52.4
6,2023-10-24,6,36-078,PIT,,DAL,L,0,1,1,0,0,0,0,0,0,1,0,0,3,0.0,24,19:10,1,0,18,10,64.3
7,2023-10-26,7,36-080,PIT,,COL,W,1,0,1,1,0,1,0,0,0,0,0,0,4,25.0,21,15:08,0,0,9,5,64.3
8,2023-10-28,8,36-082,PIT,,OTT,L,1,1,2,0,2,1,0,0,0,1,0,0,3,33.3,25,18:36,4,0,12,9,57.1
9,2023-10-30,9,36-084,PIT,,ANA,L,0,1,1,-2,2,0,0,0,0,0,1,0,11,0.0,20,23:05,1,0,20,12,62.5
10,2023-11-04,10,36-089,PIT,@,SJS,W,0,1,1,4,2,0,0,0,0,1,0,0,1,0.0,20,16:09,1,1,11,5,68.8
11,2023-11-07,11,36-092,PIT,@,ANA,W,1,0,1,1,0,1,0,0,0,0,0,0,4,25.0,23,18:36,1,1,14,6,70.0
12,2023-11-09,12,36-094,PIT,@,LAK,W,1,1,2,1,2,1,0,0,0,1,0,0,3,33.3,29,19:47,3,1,10,7,58.8
13,2023-11-11,13,36-096,PIT,,BUF,W,0,1,1,1,0,0,0,0,0,1,0,0,4,0.0,22,19:34,0,0,15,9,62.5
14,2023-11-14,14,36-099,PIT,@,CBJ,W,3,1,4,3,0,3,0,0,1,1,0,0,3,100.0,21,17:30,0,0,11,7,61.1
15,2023-11-16,15,36-101,PIT,,NJD,L,0,1,1,1,2,0,0,0,0,1,0,0,3,0.0,24,19:52,0,1,9,13,40.9
16,2023-11-18,16,36-103,PIT,@,CAR,L,2,0,2,1,0,2,0,0,0,0,0,0,2,100.0,26,17:56,1,0,12,6,66.7
17,2023-11-19,17,36-104,PIT,,VEG,W,0,0,0,1,2,0,0,0,0,0,0,0,4,0.0,22,17:22,1,0,13,12,52.0
18,2023-11-22,18,36-107,PIT,,NYR,L,0,0,0,0,0,0,0,0,0,0,0,0,4,0.0,24,21:19,0,1,17,12,58.6
19,2023-11-24,19,36-109,PIT,@,BUF,L,1,0,1,0,0,1,0,0,0,0,0,0,5,20.0,24,19:14,1,0,17,15,53.1
20,2023-11-25,20,36-110,PIT,,TOR,W,0,1,1,0,0,0,0,0,0,1,0,0,5,0.0,24,21:26,0,0,11,12,47.8
21,2023-11-28,21,36-113,PIT,@,NSH,L-OT,0,0,0,0,0,0,0,0,0,0,0,0,3,0.0,24,20:17,1,0,8,6,57.1
22,2023-11-30,22,36-115,PIT,@,TBL,W,1,0,1,1,0,1,0,0,0,0,0,0,5,20.0,24,19:19,3,2,11,5,68.8
23,2023-12-02,23,36-117,PIT,,PHI,L-SO,0,0,0,1,0,0,0,0,0,0,0,0,2,0.0,26,25:29,2,0,25,7,78.1
24,2023-12-04,24,36-119,PIT,@,PHI,L-OT,1,0,1,-1,0,1,0,0,0,0,0,0,4,25.0,26,22:31,1,1,7,12,36.8
25,2023-12-06,25,36-121,PIT,@,TBL,L,0,1,1,0,0,0,0,0,0,1,0,0,4,0.0,25,23:25,2,0,19,8,70.4
26,2023-12-08,26,36-123,PIT,@,FLA,L,0,0,0,-1,0,0,0,0,0,0,0,0,4,0.0,24,21:02,0,0,8,9,47.1
27,2023-12-12,27,36-127,PIT,,ARI,W,0,1,1,1,2,0,0,0,0,0,1,0,4,0.0,23,19:06,3,1,15,9,62.5
28,2023-12-13,28,36-128,PIT,@,MTL,W,2,1,3,0,0,1,1,0,0,0,1,0,2,100.0,28,22:06,0,1,12,8,60.0
29,2023-12-16,29,36-131,PIT,@,TOR,L,0,0,0,-3,2,0,0,0,0,0,0,0,5,0.0,22,18:51,3,0,16,5,76.2
30,2023-12-18,30,36-133,PIT,,MIN,W,1,1,2,-2,0,0,1,0,1,0,1,0,4,25.0,24,22:04,0,0,17,6,73.9
31,2023-12-21,31,36-136,PIT,,CAR,W,1,0,1,1,0,1,0,0,0,0,0,0,4,25.0,26,22:37,3,2,14,13,51.9
32,2023-12-23,32,36-138,PIT,@,OTT,L-OT,0,1,1,1,0,0,0,0,0,1,0,0,2,0.0,24,21:35,1,0,13,9,59.1
33,2023-12-27,33,36-142,PIT,@,NYI,W,0,0,0,2,0,0,0,0,0,0,0,0,0,,24,18:47,1,0,15,9,62.5
34,2023-12-30,34,36-145,PIT,,STL,W,1,0,1,1,0,1,0,0,0,0,0,0,2,50.0,23,20:22,0,1,17,7,70.8
35,2023-12-31,35,36-146,PIT,,NYI,W,0,0,0,0,2,0,0,0,0,0,0,0,3,0.0,26,18:10,1,0,14,10,58.3
36,2024-01-02,36,36-148,PIT,,WSH,L,1,1,2,2,0,0,1,0,0,1,0,0,1,100.0,23,22:24,4,0,17,12,58.6
37,2024-01-04,37,36-150,PIT,@,BOS,W,1,2,3,1,0,0,1,0,1,2,0,0,3,33.3,28,18:39,2,2,16,6,72.7
38,2024-01-06,38,36-152,PIT,,BUF,L,0,0,0,-1,2,0,0,0,0,0,0,0,2,0.0,22,20:46,1,0,13,9,59.1
39,2024-01-08,39,36-154,PIT,@,PHI,W,0,0,0,0,0,0,0,0,0,0,0,0,6,0.0,26,20:52,0,0,7,18,28.0
40,2024-01-11,40,36-157,PIT,,VAN,L-OT,2,0,2,1,2,2,0,0,0,0,0,0,5,40.0,26,25:30,6,0,18,13,58.1
41,2024-01-13,41,36-159,PIT,@,CAR,L-OT,0,1,1,2,0,0,0,0,0,1,0,0,6,0.0,31,24:04,2,1,12,13,48.0
42,2024-01-15,42,36-161,PIT,,SEA,W,2,0,2,2,0,2,0,0,0,0,0,0,4,50.0,23,19:36,0,0,14,11,56.0
43,2024-01-20,43,36-166,PIT,@,VEG,L,0,1,1,-1,0,0,0,0,0,1,0,0,3,0.0,24,19:52,0,3,14,13,51.9
44,2024-01-22,44,36-168,PIT,@,ARI,L,1,0,1,0,0,1,0,0,0,0,0,0,6,16.7,23,20:44,1,0,13,10,56.5
45,2024-01-26,45,36-172,PIT,,FLA,L-SO,0,1,1,1,0,0,0,0,0,1,0,0,5,0.0,29,25:32,2,0,15,17,46.9
46,2024-01-27,46,36-173,PIT,,MTL,W,0,1,1,0,0,0,0,0,0,1,0,0,1,0.0,25,20:06,0,0,17,5,77.3
47,2024-02-06,47,36-183,PIT,,WPG,W,0,1,1,0,0,0,0,0,0,0,1,0,2,0.0,22,19:05,0,1,15,7,68.2
48,2024-02-09,48,36-186,PIT,@,MIN,L,1,0,1,-2,0,0,1,0,0,0,0,0,5,20.0,22,20:15,1,0,12,11,52.2
49,2024-02-10,49,36-187,PIT,@,WPG,L,0,0,0,0,0,0,0,0,0,0,0,0,1,0.0,23,19:39,2,0,9,5,64.3
50,2024-02-14,50,36-191,PIT,,FLA,L,0,0,0,-1,0,0,0,0,0,0,0,0,3,0.0,26,22:23,0,0,11,11,50.0
51,2024-02-15,51,36-192,PIT,@,CHI,W,2,0,2,3,0,2,0,0,0,0,0,0,3,66.7,22,18:02,1,1,9,4,69.2
52,2024-02-18,52,36-195,PIT,,LAK,L,1,0,1,-1,2,0,1,0,0,0,0,0,2,50.0,26,21:23,4,1,13,10,56.5
53,2024-02-20,53,36-197,PIT,,NYI,L-OT,0,0,0,-2,0,0,0,0,0,0,0,0,7,0.0,27,21:40,2,1,17,11,60.7
54,2024-02-22,54,36-199,PIT,,MTL,W,0,1,1,0,0,0,0,0,0,0,1,0,2,0.0,26,17:07,1,1,12,10,54.5
55,2024-02-25,55,36-202,PIT,,PHI,W,1,3,4,2,2,1,0,0,0,2,1,0,4,25.0,26,18:40,1,2,10,10,50.0
56,2024-02-27,56,36-204,PIT,@,VAN,W,0,2,2,-1,0,0,0,0,0,1,1,0,5,0.0,26,19:47,0,1,13,13,50.0
57,2024-02-29,57,36-206,PIT,@,SEA,L,0,0,0,0,0,0,0,0,0,0,0,0,5,0.0,23,21:33,1,0,12,13,48.0
58,2024-03-02,58,36-208,PIT,@,CGY,L,0,1,1,-1,0,0,0,0,0,0,1,0,4,0.0,25,18:23,0,0,17,7,70.8
59,2024-03-03,59,36-209,PIT,@,EDM,L,0,0,0,-3,0,0,0,0,0,0,0,0,3,0.0,26,16:52,2,0,8,14,36.4
60,2024-03-05,60,36-211,PIT,,CBJ,W,0,0,0,-1,0,0,0,0,0,0,0,0,2,0.0,26,21:31,0,0,16,6,72.7
61,2024-03-07,61,36-213,PIT,,WSH,L,0,0,0,-3,0,0,0,0,0,0,0,0,8,0.0,21,18:46,1,0,9,10,47.4
62,2024-03-09,62,36-215,PIT,@,BOS,L,0,1,1,-1,0,0,0,0,0,1,0,0,0,,24,17:58,1,0,14,13,51.9
63,2024-03-10,63,36-216,PIT,,EDM,L,0,0,0,-3,2,0,0,0,0,0,0,0,2,0.0,21,19:15,2,0,12,9,57.1
64,2024-03-12,64,36-218,PIT,@,OTT,L-OT,0,0,0,0,2,0,0,0,0,0,0,0,3,0.0,26,20:39,0,0,15,9,62.5
65,2024-03-14,65,36-220,PIT,,SJS,W,0,1,1,0,0,0,0,0,0,1,0,0,3,0.0,23,18:43,1,0,12,9,57.1
66,2024-03-16,66,36-222,PIT,,NYR,L,0,1,1,-1,0,0,0,0,0,1,0,0,1,0.0,23,21:48,3,0,13,9,59.1
67,2024-03-17,67,36-223,PIT,,DET,W,1,1,2,1,0,1,0,0,0,0,1,0,3,33.3,25,19:09,0,2,11,8,57.9
68,2024-03-19,68,36-225,PIT,@,NJD,L,0,1,1,0,0,0,0,0,0,1,0,0,5,0.0,22,21:31,1,0,11,14,44.0
69,2024-03-22,69,36-228,PIT,@,DAL,L,0,0,0,-1,2,0,0,0,0,0,0,0,0,,26,20:44,0,0,17,7,70.8
70,2024-03-24,70,36-230,PIT,@,COL,L-OT,1,3,4,0,0,1,0,0,0,3,0,0,5,20.0,28,20:10,2,1,19,11,63.3
71,2024-03-26,71,36-232,PIT,,CAR,W,1,2,3,3,0,1,0,0,0,2,0,0,2,50.0,24,19:50,0,0,20,11,64.5
72,2024-03-28,72,36-234,PIT,,CBJ,W,0,2,2,-1,2,0,0,0,0,1,1,0,3,0.0,23,21:02,0,1,17,6,73.9
73,2024-03-30,73,36-236,PIT,@,CBJ,L-SO,0,1,1,-1,2,0,0,0,0,1,0,0,4,0.0,28,22:31,0,0,11,9,55.0
74,2024-04-01,74,36-238,PIT,@,NYR,W,2,1,3,3,0,2,0,0,0,1,0,0,3,66.7,24,19:39,1,1,13,10,56.5
75,2024-04-02,75,36-239,PIT,@,NJD,W,2,0,2,-1,0,1,1,0,0,0,0,0,2,100.0,23,16:09,1,0,10,11,47.6
76,2024-04-04,76,36-241,PIT,@,WSH,W,0,0,0,1,0,0,0,0,0,0,0,0,0,,25,18:50,2,1,8,8,50.0
77,2024-04-06,77,36-243,PIT,,TBL,W,1,0,1,1,0,1,0,0,0,0,0,0,2,50.0,30,18:33,2,0,16,8,66.7
78,2024-04-08,78,36-245,PIT,@,TOR,L-OT,0,1,1,1,0,0,0,0,0,1,0,0,1,0.0,25,21:15,2,1,10,12,45.5
79,2024-04-11,79,36-248,PIT,,DET,W,1,2,3,0,2,1,0,0,0,2,0,0,5,20.0,29,19:35,2,0,6,14,30.0
80,2024-04-13,80,36-250,PIT,,BOS,L,0,1,1,-1,0,0,0,0,0,1,0,0,1,0.0,25,19:48,4,0,8,12,40.0
81,2024-04-15,81,36-252,PIT,,NSH,W,1,1,2,-1,0,0,1,0,0,1,0,0,7,14.3,25,20:53,0,0,18,5,78.3
82,2024-04-17,82,36-254,PIT,@,NYI,L,0,2,2,-1,0,0,0,0,0,0,2,0,3,0.0,22,19:47,3,0,12,10,54.5
1,2022-10-13,1,35-067,PIT,,ARI,W,1,2,3,1,2,1,0,0,0,0,2,0,7,14.3,25,18:22,1,0,7,7,50.0
2,2022-10-15,2,35-069,PIT,,TBL,W,1,2,3,2,0,1,0,0,0,1,1,0,2,50.0,23,19:17,2,0,6,9,40.0
3,2022-10-17,3,35-071,PIT,@,MTL,L-OT,0,0,0,-2,0,0,0,0,0,0,0,0,1,0.0,25,18:58,0,0,9,6,60.0
4,2022-10-20,4,35-074,PIT,,LAK,W,0,1,1,2,2,0,0,0,0,1,0,0,3,0.0,21,16:50,2,3,6,6,50.0
5,2022-10-22,5,35-076,PIT,@,CBJ,W,1,2,3,1,0,1,0,0,1,2,0,0,5,20.0,27,20:49,1,0,12,8,60.0
6,2022-10-24,6,35-078,PIT,@,EDM,L,1,0,1,0,0,1,0,0,0,0,0,0,3,33.3,22,19:12,4,0,6,13,31.6
7,2022-10-25,7,35-079,PIT,@,CGY,L,0,0,0,0,0,0,0,0,0,0,0,0,3,0.0,24,20:30,1,0,7,15,31.8
8,2022-10-28,8,35-082,PIT,@,VAN,L,0,0,0,-2,0,0,0,0,0,0,0,0,3,0.0,24,23:24,0,1,11,10,52.4
9,2022-10-29,9,35-083,PIT,@,SEA,L,0,0,0,0,0,0,0,0,0,0,0,0,4,0.0,25,22:33,3,0,14,17,45.2
10,2022-11-01,10,35-086,PIT,,BOS,L-OT,1,0,1,1,2,1,0,0,0,0,0,0,3,33.3,27,25:04,3,0,11,16,40.7
11,2022-11-02,11,35-087,PIT,@,BUF,L,0,0,0,-4,0,0,0,0,0,0,0,0,2,0.0,25,17:48,0,0,15,9,62.5
12,2022-11-05,12,35-090,PIT,,SEA,L,1,1,2,0,2,1,0,0,0,1,0,0,2,50.0,22,20:03,1,1,10,6,62.5
13,2022-11-09,13,35-094,PIT,@,WSH,W,0,1,1,2,2,0,0,0,0,1,0,0,2,0.0,25,20:42,1,2,11,7,61.1
14,2022-11-11,14,35-096,PIT,@,TOR,W,0,1,1,0,0,0,0,0,0,1,0,0,0,,26,19:50,2,1,10,11,47.6
15,2022-11-12,15,35-097,PIT,@,MTL,L-OT,0,0,0,-2,2,0,0,0,0,0,0,0,1,0.0,22,21:25,1,1,17,10,63.0
16,2022-11-15,16,35-100,PIT,,TOR,L,1,0,1,-4,0,1,0,0,0,0,0,0,2,50.0,23,20:32,0,1,6,10,37.5
17,2022-11-17,17,35-102,PIT,@,MIN,W,2,2,4,0,0,1,1,0,0,1,1,0,3,66.7,23,18:37,1,0,19,8,70.4
18,2022-11-19,18,35-104,PIT,@,WPG,W,0,2,2,2,0,0,0,0,0,2,0,0,2,0.0,26,19:04,0,0,13,14,48.1
19,2022-11-20,19,35-105,PIT,@,CHI,W,1,3,4,2,0,1,0,0,1,3,0,0,2,50.0,25,17:33,0,0,13,9,59.1
20,2022-11-23,20,35-108,PIT,,CGY,W,0,0,0,0,2,0,0,0,0,0,0,0,1,0.0,23,22:11,0,0,16,11,59.3
21,2022-11-25,21,35-110,PIT,@,PHI,W,1,0,1,1,0,1,0,0,1,0,0,0,5,20.0,20,15:32,1,0,8,5,61.5
22,2022-11-26,22,35-111,PIT,,TOR,L,0,1,1,0,0,0,0,0,0,1,0,0,2,0.0,22,16:34,3,0,16,9,64.0
23,2022-11-29,23,35-114,PIT,,CAR,L-OT,1,1,2,1,0,1,0,0,0,1,0,0,4,25.0,27,21:18,2,0,13,11,54.2
24,2022-12-01,24,35-116,PIT,,VEG,W,0,1,1,1,0,0,0,0,0,1,0,0,3,0.0,23,19:37,1,1,9,13,40.9
25,2022-12-03,25,35-118,PIT,,STL,W,1,0,1,1,0,1,0,0,0,0,0,0,8,12.5,21,21:27,1,0,6,12,33.3
26,2022-12-06,26,35-121,PIT,,CBJ,W,2,0,2,1,0,1,1,0,1,0,0,0,4,50.0,19,20:43,1,1,10,12,45.5
27,2022-12-09,27,35-124,PIT,@,BUF,W,0,0,0,0,2,0,0,0,0,0,0,0,2,0.0,25,21:38,1,0,16,6,72.7
28,2022-12-10,28,35-125,PIT,,BUF,W,2,1,3,2,0,2,0,0,1,0,1,0,4,50.0,22,18:48,1,2,14,8,63.6
29,2022-12-12,29,35-127,PIT,,DAL,W,0,0,0,-1,0,0,0,0,0,0,0,0,2,0.0,24,19:00,0,0,15,13,53.6
30,2022-12-15,30,35-130,PIT,@,FLA,W,0,2,2,0,0,0,0,0,0,1,1,0,5,0.0,23,19:09,0,0,14,14,50.0
31,2022-12-18,31,35-133,PIT,@,CAR,L,0,0,0,-1,0,0,0,0,0,0,0,0,3,0.0,26,21:38,0,1,12,17,41.4
32,2022-12-20,32,35-135,PIT,,NYR,W,1,1,2,0,0,1,0,0,1,0,1,0,1,100.0,23,19:01,1,1,11,7,61.1
33,2022-12-22,33,35-137,PIT,,CAR,L-OT,1,0,1,0,0,0,1,0,0,0,0,0,3,33.3,22,20:03,1,0,14,10,58.3
34,2022-12-27,34,35-142,PIT,@,NYI,L,0,0,0,-1,2,0,0,0,0,0,0,0,2,0.0,23,18:14,0,1,10,12,45.5
35,2022-12-28,35,35-143,PIT,,DET,L-OT,0,0,0,-3,0,0,0,0,0,0,0,0,2,0.0,24,20:47,0,1,6,14,30.0
36,2022-12-30,36,35-145,PIT,,NJD,L,0,0,0,-2,2,0,0,0,0,0,0,0,1,0.0,22,25:25,4,0,10,12,45.5
37,2023-01-02,37,35-148,PIT,@,BOS,L,0,0,0,0,0,0,0,0,0,0,0,0,2,0.0,27,23:51,1,0,13,14,48.1
38,2023-01-05,38,35-151,PIT,@,VEG,L,1,1,2,1,0,1,0,0,0,1,0,0,4,25.0,22,19:54,5,0,16,9,64.0
39,2023-01-08,39,35-154,PIT,@,ARI,W,0,2,2,2,0,0,0,0,0,2,0,0,2,0.0,22,21:23,0,1,11,6,64.7
40,2023-01-10,40,35-156,PIT,,VAN,W,1,0,1,0,2,1,0,0,0,0,0,0,2,50.0,23,22:04,0,1,14,11,56.0
41,2023-01-13,41,35-159,PIT,,WPG,L,0,0,0,0,0,0,0,0,0,0,0,0,0,,22,18:11,0,1,11,12,47.8
42,2023-01-14,42,35-160,PIT,@,CAR,L,0,0,0,0,0,0,0,0,0,0,0,0,4,0.0,24,21:34,2,2,10,10,50.0
43,2023-01-16,43,35-162,PIT,,ANA,W,0,1,1,2,0,0,0,0,0,1,0,0,2,0.0,23,20:31,0,0,12,11,52.2
44,2023-01-18,44,35-164,PIT,@,OTT,L-OT,0,3,3,0,0,0,0,0,0,1,2,0,0,,21,19:40,0,1,11,12,47.8
45,2023-01-20,45,35-166,PIT,,OTT,W,0,1,1,1,2,0,0,0,0,1,0,0,4,0.0,24,17:46,0,0,19,9,67.9
46,2023-01-22,46,35-168,PIT,@,NJD,L-OT,1,0,1,1,0,1,0,0,0,0,0,0,3,33.3,25,18:12,0,0,9,13,40.9
47,2023-01-24,47,35-170,PIT,,FLA,W,1,2,3,0,0,0,1,0,0,0,2,0,4,25.0,26,20:50,1,0,16,7,69.6
48,2023-01-26,48,35-172,PIT,@,WSH,L-SO,0,1,1,1,0,0,0,0,0,1,0,0,5,0.0,26,21:04,1,1,10,15,40.0
49,2023-01-28,49,35-174,PIT,,SJS,L,1,1,2,-2,0,0,1,0,0,0,1,0,3,33.3,25,21:51,0,1,18,12,60.0
50,2023-02-07,50,35-184,PIT,,COL,W,0,1,1,1,2,0,0,0,0,1,0,0,2,0.0,25,20:11,1,0,9,8,52.9
51,2023-02-10,51,35-187,PIT,@,ANA,W,0,1,1,1,0,0,0,0,0,1,0,0,7,0.0,24,21:44,0,1,16,13,55.2
52,2023-02-11,52,35-188,PIT,@,LAK,L,0,0,0,0,20,0,0,0,0,0,0,0,1,0.0,19,14:56,1,0,13,6,68.4
53,2023-02-14,53,35-191,PIT,@,SJS,W,0,3,3,2,0,0,0,0,0,3,0,0,2,0.0,24,19:37,1,0,7,8,46.7
54,2023-02-17,54,35-194,PIT,@,NYI,L,1,1,2,1,0,1,0,0,0,1,0,0,4,25.0,28,19:04,2,0,11,12,47.8
55,2023-02-18,55,35-195,PIT,,NJD,L,0,0,0,-3,0,0,0,0,0,0,0,0,5,0.0,23,22:06,1,1,9,11,45.0
56,2023-02-20,56,35-197,PIT,,NYI,L,0,1,1,0,0,0,0,0,0,1,0,0,4,0.0,23,20:27,1,1,8,9,47.1
57,2023-02-23,57,35-200,PIT,,EDM,L,0,1,1,-1,0,0,0,0,0,0,1,0,2,0.0,23,18:46,0,1,10,9,52.6
58,2023-02-25,58,35-202,PIT,@,STL,W,0,0,0,0,0,0,0,0,0,0,0,0,4,0.0,25,18:42,1,0,12,11,52.2
59,2023-02-26,59,35-203,PIT,,TBL,W,1,1,2,0,0,0,1,0,0,1,0,0,1,100.0,22,17:45,2,0,12,8,60.0
60,2023-02-28,60,35-205,PIT,@,NSH,W,1,0,1,2,0,1,0,0,0,0,0,0,4,25.0,24,20:57,1,1,15,3,83.3
61,2023-03-02,61,35-207,PIT,@,TBL,W,0,1,1,0,0,0,0,0,0,1,0,0,2,0.0,22,20:47,0,0,12,11,52.2
62,2023-03-04,62,35-209,PIT,@,FLA,L,0,0,0,-1,0,0,0,0,0,0,0,0,5,0.0,22,19:13,0,0,16,8,66.7
63,2023-03-07,63,35-212,PIT,,CBJ,W,1,2,3,1,0,0,1,0,1,2,0,0,4,25.0,28,23:50,1,2,16,13,55.2
64,2023-03-09,64,35-214,PIT,,NYI,L-OT,0,1,1,0,0,0,0,0,0,1,0,0,4,0.0,26,20:15,0,1,12,9,57.1
65,2023-03-11,65,35-216,PIT,,PHI,W,1,0,1,1,0,0,1,0,1,0,0,0,5,20.0,22,18:42,1,1,8,13,38.1
66,2023-03-12,66,35-217,PIT,,NYR,W,0,2,2,0,0,0,0,0,0,0,2,0,8,0.0,27,19:29,4,0,12,16,42.9
67,2023-03-14,67,35-219,PIT,,MTL,L,0,1,1,-2,2,0,0,0,0,1,0,0,1,0.0,26,21:15,0,1,16,6,72.7
68,2023-03-16,68,35-221,PIT,@,NYR,L,0,2,2,-1,0,0,0,0,0,2,0,0,3,0.0,22,18:07,0,0,11,8,57.9
69,2023-03-18,69,35-223,PIT,@,NYR,L,0,0,0,-2,0,0,0,0,0,0,0,0,0,,21,18:27,0,0,8,11,42.1
70,2023-03-20,70,35-225,PIT,,OTT,L,0,0,0,0,0,0,0,0,0,0,0,0,2,0.0,24,22:17,0,1,22,13,62.9
71,2023-03-22,71,35-227,PIT,@,COL,W,1,0,1,1,2,1,0,0,0,0,0,0,5,20.0,27,19:50,0,1,13,7,65.0
72,2023-03-23,72,35-228,PIT,@,DAL,L,1,0,1,1,0,1,0,0,0,0,0,0,7,14.3,25,19:10,1,0,10,12,45.5
73,2023-03-25,73,35-230,PIT,,WSH,W,0,0,0,0,0,0,0,0,0,0,0,0,4,0.0,27,22:37,0,1,13,16,44.8
74,2023-03-28,74,35-233,PIT,@,DET,L,0,0,0,-1,0,0,0,0,0,0,0,0,2,0.0,25,23:31,0,3,16,16,50.0
75,2023-03-30,75,35-235,PIT,,NSH,W,0,0,0,0,0,0,0,0,0,0,0,0,9,0.0,24,20:53,0,1,14,11,56.0
76,2023-04-01,76,35-237,PIT,,BOS,L,0,1,1,3,0,0,0,0,0,1,0,0,2,0.0,23,22:14,1,2,13,13,50.0
77,2023-04-02,77,35-238,PIT,,PHI,W,0,2,2,1,2,0,0,0,0,1,1,0,3,0.0,22,21:26,1,1,12,14,46.2
78,2023-04-04,78,35-240,PIT,@,NJD,L,0,0,0,-1,0,0,0,0,0,0,0,0,3,0.0,23,18:27,0,1,15,11,57.7
79,2023-04-06,79,35-242,PIT,,MIN,W,0,0,0,1,0,0,0,0,0,0,0,0,0,,24,17:59,1,0,14,10,58.3
80,2023-04-08,80,35-244,PIT,@,DET,W,2,1,3,2,0,1,1,0,1,1,0,0,4,50.0,23,19:13,0,0,7,13,35.0
81,2023-04-11,81,35-247,PIT,,CHI,L,0,0,0,-2,0,0,0,0,0,0,0,0,8,0.0,23,23:09,0,0,17,11,60.7
82,2023-04-13,82,35-249,PIT,@,CBJ,L-OT,0,2,2,0,0,0,0,0,0,0,2,0,1,0.0,20,18:11,0,0,6,10,37.5
1,2021-10-30,1,34-084,PIT,,NJD,L,0,0,0,-3,0,0,0,0,0,0,0,0,2,0.0,23,19:16,2,0,8,15,34.8
2,2021-11-14,2,34-099,PIT,@,WSH,L,0,0,0,-1,2,0,0,0,0,0,0,0,1,0.0,20,16:57,1,0,5,7,41.7
3,2021-11-16,3,34-101,PIT,,BUF,L,0,1,1,-2,0,0,0,0,0,0,1,0,2,0.0,21,18:53,1,0,6,9,40.0
4,2021-11-18,4,34-103,PIT,@,MTL,W,1,0,1,1,0,1,0,0,1,0,0,0,3,33.3,20,16:03,0,0,11,7,61.1
5,2021-11-20,5,34-105,PIT,@,TOR,W,0,0,0,1,0,0,0,0,0,0,0,0,2,0.0,23,17:44,1,2,4,8,33.3
6,2021-11-22,6,34-107,PIT,@,WPG,W,0,0,0,1,0,0,0,0,0,0,0,0,3,0.0,24,19:40,0,0,8,11,42.1
7,2021-11-24,7,34-109,PIT,,VAN,W,0,0,0,0,0,0,0,0,0,0,0,0,4,0.0,23,20:47,0,2,6,11,35.3
8,2021-11-26,8,34-111,PIT,@,NYI,W,0,1,1,1,0,0,0,0,0,1,0,0,4,0.0,25,18:36,0,0,4,10,28.6
9,2021-11-27,9,34-112,PIT,,MTL,L,1,2,3,-2,0,1,0,0,0,1,1,0,5,20.0,25,21:44,0,0,12,15,44.4
10,2021-11-29,10,34-114,PIT,@,CGY,L-SO,0,1,1,0,0,0,0,0,0,0,1,0,0,,27,21:06,0,1,13,13,50.0
11,2021-12-01,11,34-116,PIT,@,EDM,L,0,1,1,-4,0,0,0,0,0,1,0,0,1,0.0,22,22:03,1,0,11,6,64.7
12,2021-12-04,12,34-119,PIT,@,VAN,W,1,2,3,2,0,1,0,0,0,0,2,0,5,20.0,24,19:02,0,1,12,7,63.2
13,2021-12-06,13,34-121,PIT,@,SEA,W,1,1,2,3,0,1,0,0,1,1,0,0,3,33.3,25,14:46,0,0,12,9,57.1
14,2021-12-10,14,34-125,PIT,@,WSH,W,0,2,2,1,0,0,0,0,0,2,0,0,2,0.0,26,18:52,1,0,14,9,60.9
15,2021-12-11,15,34-126,PIT,,ANA,W,0,0,0,0,0,0,0,0,0,0,0,0,2,0.0,23,19:41,0,0,10,6,62.5
16,2021-12-14,16,34-129,PIT,,MTL,W,0,2,2,3,0,0,0,0,0,2,0,0,6,0.0,21,22:06,2,0,12,9,57.1
17,2021-12-17,17,34-132,PIT,,BUF,W,0,1,1,0,0,0,0,0,0,0,1,0,3,0.0,26,20:53,1,0,10,10,50.0
18,2021-12-19,18,34-134,PIT,@,NJD,W,0,0,0,0,2,0,0,0,0,0,0,0,0,,25,20:56,0,0,7,10,41.2
19,2022-01-02,19,34-148,PIT,,SJS,W,0,2,2,3,0,0,0,0,0,2,0,0,2,0.0,28,19:39,0,2,9,19,32.1
20,2022-01-05,20,34-151,PIT,,STL,W,1,1,2,2,2,1,0,0,0,1,0,0,2,50.0,30,18:44,0,0,14,14,50.0
21,2022-01-06,21,34-152,PIT,@,PHI,W,0,2,2,1,0,0,0,0,0,1,1,0,2,0.0,23,15:39,0,0,10,7,58.8
22,2022-01-08,22,34-154,PIT,@,DAL,L,0,0,0,1,0,0,0,0,0,0,0,0,4,0.0,28,20:56,0,0,14,13,51.9
23,2022-01-11,23,34-157,PIT,@,ANA,W,0,0,0,0,0,0,0,0,0,0,0,0,3,0.0,21,20:53,0,3,12,6,66.7
24,2022-01-13,24,34-159,PIT,@,LAK,L,0,0,0,-1,0,0,0,0,0,0,0,0,0,,22,18:37,0,0,3,12,20.0
25,2022-01-15,25,34-161,PIT,@,SJS,W,0,1,1,1,0,0,0,0,0,1,0,0,3,0.0,25,19:13,0,0,11,13,45.8
26,2022-01-17,26,34-163,PIT,@,VEG,W,1,0,1,2,0,1,0,0,0,0,0,0,4,25.0,25,18:16,2,0,7,9,43.8
27,2022-01-20,27,34-166,PIT,,OTT,W,1,0,1,0,0,0,1,0,0,0,0,0,5,20.0,22,20:26,3,0,12,13,48.0
28,2022-01-21,28,34-167,PIT,@,CBJ,W,3,1,4,2,4,2,1,0,0,1,0,0,6,50.0,23,20:09,0,1,11,9,55.0
29,2022-01-23,29,34-169,PIT,,WPG,W,0,0,0,-1,2,0,0,0,0,0,0,0,1,0.0,29,23:17,2,0,10,15,40.0
30,2022-01-25,30,34-171,PIT,,ARI,W,1,2,3,0,2,1,0,0,1,0,2,0,4,25.0,23,16:55,0,0,14,8,63.6
31,2022-01-27,31,34-173,PIT,,SEA,L-OT,0,0,0,0,0,0,0,0,0,0,0,0,1,0.0,22,19:27,1,0,15,8,65.2
32,2022-01-28,32,34-174,PIT,,DET,L-SO,0,2,2,1,2,0,0,0,0,1,1,0,3,0.0,26,22:23,2,2,10,10,50.0
33,2022-01-30,33,34-176,PIT,,LAK,L,1,1,2,-2,0,0,1,0,0,0,1,0,2,50.0,28,19:52,2,1,18,10,64.3
34,2022-02-01,34,34-178,PIT,,WSH,L-OT,0,2,2,-2,0,0,0,0,0,0,2,0,5,0.0,28,23:49,1,0,16,12,57.1
35,2022-02-08,35,34-185,PIT,@,BOS,W,1,0,1,1,2,0,1,0,1,0,0,0,5,20.0,27,22:27,2,1,11,13,45.8
36,2022-02-10,36,34-187,PIT,@,OTT,W,0,1,1,1,0,0,0,0,0,1,0,0,6,0.0,26,20:16,0,1,11,7,61.1
37,2022-02-13,37,34-190,PIT,@,NJD,W,0,2,2,2,0,0,0,0,0,2,0,0,4,0.0,25,21:08,1,0,11,6,64.7
38,2022-02-15,38,34-192,PIT,,PHI,W,1,1,2,-1,0,0,1,0,0,0,1,0,2,50.0,24,20:44,3,1,12,10,54.5
39,2022-02-17,39,34-194,PIT,@,TOR,L,0,0,0,-2,0,0,0,0,0,0,0,0,5,0.0,24,21:28,3,0,13,14,48.1
40,2022-02-20,40,34-197,PIT,,CAR,L,1,0,1,0,0,1,0,0,0,0,0,0,3,33.3,24,22:46,0,0,11,12,47.8
41,2022-02-24,41,34-201,PIT,,NJD,L,0,1,1,0,2,0,0,0,0,0,1,0,3,0.0,23,19:18,2,1,11,7,61.1
42,2022-02-26,42,34-203,PIT,,NYR,W,0,1,1,0,0,0,0,0,0,0,1,0,3,0.0,26,19:18,4,1,5,11,31.3
43,2022-02-27,43,34-204,PIT,@,CBJ,W,1,0,1,1,0,1,0,0,1,0,0,0,2,50.0,24,20:45,0,0,14,11,56.0
44,2022-03-03,44,34-208,PIT,@,TBL,W,1,1,2,0,0,0,1,0,1,1,0,0,2,50.0,24,19:34,1,0,10,8,55.6
45,2022-03-04,45,34-209,PIT,@,CAR,L-OT,1,1,2,2,0,1,0,0,0,1,0,0,2,50.0,28,19:28,1,0,16,11,59.3
46,2022-03-08,46,34-213,PIT,,FLA,L,1,1,2,1,0,1,0,0,0,1,0,0,2,50.0,24,21:49,1,1,14,8,63.6
47,2022-03-11,47,34-216,PIT,,VEG,W,0,1,1,-1,0,0,0,0,0,1,0,0,4,0.0,23,19:44,0,1,8,9,47.1
48,2022-03-13,48,34-218,PIT,,CAR,W,1,0,1,1,0,1,0,0,1,0,0,0,1,100.0,25,18:21,0,1,16,7,69.6
49,2022-03-15,49,34-220,PIT,@,NSH,L,0,1,1,-1,0,0,0,0,0,1,0,0,3,0.0,21,21:01,0,2,5,4,55.6
50,2022-03-17,50,34-222,PIT,@,STL,W,0,0,0,-1,0,0,0,0,0,0,0,0,6,0.0,28,21:03,0,0,3,9,25.0
51,2022-03-19,51,34-224,PIT,@,ARI,W,2,0,2,1,0,2,0,0,0,0,0,0,6,33.3,21,20:01,0,0,11,9,55.0
52,2022-03-22,52,34-227,PIT,,CBJ,W,0,3,3,2,0,0,0,0,0,2,1,0,1,0.0,22,18:22,0,0,10,5,66.7
53,2022-03-23,53,34-228,PIT,@,BUF,L-SO,1,1,2,-1,0,0,1,0,0,0,1,0,3,33.3,27,20:53,0,1,10,10,50.0
54,2022-03-25,54,34-230,PIT,@,NYR,L,0,0,0,-2,2,0,0,0,0,0,0,0,2,0.0,24,19:35,1,1,11,8,57.9
55,2022-03-27,55,34-232,PIT,,DET,W,1,2,3,1,2,1,0,0,0,0,2,0,3,33.3,20,13:55,1,1,8,11,42.1
56,2022-03-29,56,34-234,PIT,,NYR,L,1,0,1,0,0,0,1,0,0,0,0,0,3,33.3,25,19:41,0,0,10,9,52.6
57,2022-03-31,57,34-236,PIT,@,MIN,W,0,1,1,1,0,0,0,0,0,1,0,0,3,0.0,29,21:52,1,1,17,11,60.7
58,2022-04-02,58,34-238,PIT,@,COL,L,1,0,1,1,0,1,0,0,0,0,0,0,4,25.0,29,20:04,1,0,15,11,57.7
59,2022-04-05,59,34-241,PIT,,COL,L,0,0,0,-1,0,0,0,0,0,0,0,0,1,0.0,27,21:04,1,0,13,8,61.9
60,2022-04-09,60,34-245,PIT,,WSH,L,0,0,0,-3,0,0,0,0,0,0,0,0,2,0.0,22,22:06,1,1,18,12,60.0
61,2022-04-10,61,34-246,PIT,,NSH,W,2,1,3,3,0,2,0,0,1,1,0,0,5,40.0,25,20:35,1,1,11,14,44.0
62,2022-04-12,62,34-248,PIT,@,NYI,L-SO,0,2,2,1,0,0,0,0,0,1,1,0,3,0.0,30,24:22,0,2,9,18,33.3
63,2022-04-14,63,34-250,PIT,,NYI,W,1,2,3,4,2,1,0,0,1,2,0,0,3,33.3,28,22:21,1,2,12,8,60.0
64,2022-04-16,64,34-252,PIT,@,BOS,L,0,0,0,0,2,0,0,0,0,0,0,0,4,0.0,25,22:55,0,0,19,8,70.4
65,2022-04-21,65,34-257,PIT,,BOS,W,0,1,1,1,0,0,0,0,0,1,0,0,4,0.0,24,18:35,1,0,10,10,50.0
66,2022-04-23,66,34-259,PIT,@,DET,W,1,1,2,1,0,1,0,0,0,0,1,0,3,33.3,22,17:13,0,0,9,9,50.0
67,2022-04-24,67,34-260,PIT,@,PHI,L,1,0,1,0,0,1,0,0,0,0,0,0,4,25.0,23,18:32,0,1,10,17,37.0
68,2022-04-26,68,34-262,PIT,,EDM,L,0,0,0,-1,2,0,0,0,0,0,0,0,5,0.0,24,22:11,0,1,18,11,62.1
69,2022-04-29,69,34-265,PIT,,CBJ,W,0,0,0,0,2,0,0,0,0,0,0,0,1,0.0,22,17:27,0,0,17,4,81.0
1,2021-01-13,1,33-159,PIT,@,PHI,L,1,0,1,-1,0,0,1,0,0,0,0,0,2,50.0,26,18:34,0,1,10,8,55.6
2,2021-01-15,2,33-161,PIT,@,PHI,L,1,0,1,-1,0,0,1,0,0,0,0,0,6,16.7,24,19:10,1,1,15,7,68.2
3,2021-01-17,3,33-163,PIT,,WSH,W,0,0,0,1,2,0,0,0,0,0,0,0,1,0.0,28,21:32,0,0,14,12,53.8
4,2021-01-19,4,33-165,PIT,,WSH,W,1,2,3,0,0,1,0,0,1,0,2,0,3,33.3,27,20:26,0,1,16,3,84.2
5,2021-01-22,5,33-168,PIT,,NYR,W,0,0,0,-1,2,0,0,0,0,0,0,0,2,0.0,29,19:36,1,1,16,6,72.7
6,2021-01-24,6,33-170,PIT,,NYR,W,0,2,2,2,0,0,0,0,0,2,0,0,3,0.0,24,19:44,0,0,11,15,42.3
7,2021-01-26,7,33-172,PIT,@,BOS,L-OT,0,0,0,-2,0,0,0,0,0,0,0,0,2,0.0,27,22:12,1,1,8,19,29.6
8,2021-01-28,8,33-174,PIT,@,BOS,L,0,0,0,-2,0,0,0,0,0,0,0,0,3,0.0,22,19:21,1,1,5,12,29.4
9,2021-01-30,9,33-176,PIT,@,NYR,W,1,0,1,1,2,1,0,0,1,0,0,0,2,50.0,26,18:50,1,1,11,4,73.3
10,2021-02-01,10,33-178,PIT,@,NYR,L,0,0,0,-2,0,0,0,0,0,0,0,0,1,0.0,25,25:03,1,0,16,7,69.6
11,2021-02-06,11,33-183,PIT,@,NYI,L,0,1,1,1,0,0,0,0,0,1,0,0,3,0.0,24,20:45,2,0,8,7,53.3
12,2021-02-11,12,33-188,PIT,@,NYI,W,0,1,1,1,0,0,0,0,0,1,0,0,1,0.0,30,22:13,1,0,15,9,62.5
13,2021-02-14,13,33-191,PIT,,WSH,W,1,1,2,2,0,1,0,0,0,1,0,0,4,25.0,25,18:09,0,1,12,7,63.2
14,2021-02-16,14,33-193,PIT,,WSH,L,0,0,0,0,0,0,0,0,0,0,0,0,1,0.0,22,20:34,2,1,12,13,48.0
15,2021-02-18,15,33-195,PIT,,NYI,W,1,0,1,1,2,1,0,0,0,0,0,0,6,16.7,24,21:01,0,0,11,11,50.0
16,2021-02-20,16,33-197,PIT,,NYI,W,0,2,2,1,0,0,0,0,0,1,1,0,2,0.0,28,20:48,1,0,13,9,59.1
17,2021-02-23,17,33-200,PIT,@,WSH,W,0,0,0,1,0,0,0,0,0,0,0,0,4,0.0,24,20:13,1,1,17,8,68.0
18,2021-02-25,18,33-202,PIT,@,WSH,L,0,1,1,-2,0,0,0,0,0,1,0,0,2,0.0,21,18:21,0,1,9,11,45.0
19,2021-02-27,19,33-204,PIT,@,NYI,W,1,1,2,1,0,0,1,0,0,1,0,0,5,20.0,27,20:04,1,1,13,9,59.1
20,2021-02-28,20,33-205,PIT,@,NYI,L,0,0,0,0,0,0,0,0,0,0,0,0,3,0.0,24,21:26,2,0,14,11,56.0
21,2021-03-04,21,33-209,PIT,,PHI,L,0,1,1,1,0,0,0,0,0,1,0,0,5,0.0,26,21:08,1,1,13,11,54.2
22,2021-03-06,22,33-211,PIT,,PHI,W,0,2,2,-1,0,0,0,0,0,0,2,0,1,0.0,24,18:19,2,1,6,18,25.0
23,2021-03-07,23,33-212,PIT,,NYR,W,1,0,1,1,2,1,0,0,0,0,0,0,3,33.3,25,19:47,1,0,13,11,54.2
24,2021-03-09,24,33-214,PIT,,NYR,W,1,1,2,2,2,1,0,0,0,1,0,0,1,100.0,25,19:16,0,0,8,11,42.1
25,2021-03-11,25,33-216,PIT,@,BUF,W,0,1,1,-2,0,0,0,0,0,0,1,0,3,0.0,23,17:28,0,1,11,8,57.9
26,2021-03-13,26,33-218,PIT,@,BUF,W,1,0,1,1,0,1,0,0,0,0,0,0,2,50.0,24,19:04,1,1,11,15,42.3
27,2021-03-15,27,33-220,PIT,,BOS,W,1,2,3,2,2,1,0,0,1,1,1,0,3,33.3,24,22:25,0,0,10,8,55.6
28,2021-03-16,28,33-221,PIT,,BOS,L,0,0,0,0,0,0,0,0,0,0,0,0,5,0.0,26,24:16,0,0,15,11,57.7
29,2021-03-18,29,33-223,PIT,@,NJD,L,0,0,0,1,0,0,0,0,0,0,0,0,8,0.0,26,21:54,1,0,22,14,61.1
30,2021-03-20,30,33-225,PIT,@,NJD,W,0,2,2,0,0,0,0,0,0,1,1,0,3,0.0,26,20:52,0,0,10,14,41.7
31,2021-03-21,31,33-226,PIT,,NJD,L-OT,1,0,1,-1,0,1,0,0,0,0,0,0,4,25.0,26,21:03,2,1,16,11,59.3
32,2021-03-24,32,33-229,PIT,,BUF,W,1,1,2,2,0,1,0,0,0,1,0,0,7,14.3,25,20:02,0,0,14,5,73.7
33,2021-03-25,33,33-230,PIT,,BUF,W,0,3,3,1,2,0,0,0,0,1,2,0,2,0.0,25,20:52,2,2,15,6,71.4
34,2021-03-27,34,33-232,PIT,,NYI,W,1,1,2,0,0,0,1,0,0,0,1,0,1,100.0,25,19:33,0,0,15,9,62.5
35,2021-03-29,35,33-234,PIT,,NYI,W,0,0,0,0,0,0,0,0,0,0,0,0,1,0.0,28,20:52,0,1,15,11,57.7
36,2021-04-01,36,33-237,PIT,@,BOS,W,0,1,1,0,0,0,0,0,0,1,0,0,0,,26,20:57,2,0,12,18,40.0
37,2021-04-03,37,33-239,PIT,@,BOS,L,1,2,3,-1,0,0,0,1,0,1,1,0,3,33.3,27,22:48,0,1,9,17,34.6
38,2021-04-06,38,33-242,PIT,@,NYR,L,0,1,1,0,0,0,0,0,0,0,1,0,4,0.0,25,19:35,0,0,16,7,69.6
39,2021-04-08,39,33-244,PIT,@,NYR,W,0,0,0,1,2,0,0,0,0,0,0,0,4,0.0,26,18:59,2,1,10,9,52.6
40,2021-04-09,40,33-245,PIT,@,NJD,W,1,2,3,1,0,1,0,0,1,0,2,0,5,20.0,24,20:48,0,0,13,12,52.0
41,2021-04-11,41,33-247,PIT,@,NJD,W,0,1,1,1,0,0,0,0,0,1,0,0,3,0.0,29,21:42,0,0,13,15,46.4
42,2021-04-15,42,33-251,PIT,,PHI,L-SO,1,0,1,1,2,1,0,0,0,0,0,0,5,20.0,27,21:29,1,0,12,18,40.0
43,2021-04-17,43,33-253,PIT,@,BUF,W,0,1,1,0,0,0,0,0,0,0,1,0,1,0.0,23,21:03,0,0,12,12,50.0
44,2021-04-18,44,33-254,PIT,@,BUF,L,0,0,0,-2,0,0,0,0,0,0,0,0,3,0.0,23,21:00,1,0,13,11,54.2
45,2021-04-20,45,33-256,PIT,,NJD,W,1,1,2,0,2,1,0,0,1,1,0,0,4,25.0,25,21:44,1,0,17,6,73.9
46,2021-04-22,46,33-258,PIT,,NJD,W,1,1,2,1,2,1,0,0,0,1,0,0,4,25.0,23,17:16,2,1,7,6,53.8
47,2021-04-24,47,33-260,PIT,,NJD,W,1,0,1,1,0,1,0,0,0,0,0,0,3,33.3,26,19:48,0,2,13,9,59.1
48,2021-04-25,48,33-261,PIT,,BOS,W,0,1,1,1,0,0,0,0,0,1,0,0,1,0.0,27,18:58,2,0,10,14,41.7
49,2021-04-27,49,33-263,PIT,,BOS,L,0,0,0,-3,0,0,0,0,0,0,0,0,0,,27,21:18,2,0,16,13,55.2
50,2021-04-29,50,33-265,PIT,@,WSH,W,0,0,0,-1,0,0,0,0,0,0,0,0,3,0.0,28,23:17,0,1,16,13,55.2
51,2021-05-01,51,33-267,PIT,@,WSH,W,0,0,0,2,0,0,0,0,0,0,0,0,0,,25,19:07,1,2,12,9,57.1
52,2021-05-03,52,33-269,PIT,@,PHI,L,1,0,1,-4,0,0,1,0,0,0,0,0,4,25.0,25,20:10,0,0,4,15,21.1
53,2021-05-04,53,33-270,PIT,@,PHI,W,2,1,3,1,2,2,0,0,0,0,1,0,4,50.0,27,19:14,1,0,8,13,38.1
54,2021-05-06,54,33-272,PIT,,BUF,W,1,1,2,1,0,1,0,0,0,1,0,0,3,33.3,21,17:17,0,0,11,9,55.0
55,2021-05-08,55,33-274,PIT,,BUF,W,0,0,0,0,0,0,0,0,0,0,0,0,0,,23,20:31,3,0,12,9,57.1
1,2019-10-03,1,32-057,PIT,,BUF,L,0,1,1,-1,0,0,0,0,0,0,1,0,1,0.0,24,21:01,1,1,13,14,48.1
2,2019-10-05,2,32-059,PIT,,CBJ,W,0,2,2,1,5,0,0,0,0,2,0,0,2,0.0,21,18:08,1,0,11,8,57.9
3,2019-10-08,3,32-062,PIT,,WPG,L,1,0,1,1,0,1,0,0,0,0,0,0,4,25.0,27,22:05,1,2,14,10,58.3
4,2019-10-10,4,32-064,PIT,,ANA,W,1,1,2,1,0,0,1,0,0,1,0,0,2,50.0,26,24:02,2,0,15,10,60.0
5,2019-10-12,5,32-066,PIT,@,MIN,W,1,1,2,-1,0,1,0,0,0,0,1,0,4,25.0,27,20:50,1,0,15,10,60.0
6,2019-10-13,6,32-067,PIT,@,WPG,W,0,2,2,2,0,0,0,0,0,2,0,0,2,0.0,23,18:24,0,0,17,7,70.8
7,2019-10-16,7,32-070,PIT,,COL,W,1,1,2,1,0,1,0,0,0,1,0,0,5,20.0,31,24:24,2,0,14,9,60.9
8,2019-10-18,8,32-072,PIT,,DAL,W,0,0,0,1,0,0,0,0,0,0,0,0,3,0.0,27,21:16,0,0,12,8,60.0
9,2019-10-19,9,32-073,PIT,,VEG,L,0,0,0,-2,0,0,0,0,0,0,0,0,2,0.0,26,22:43,1,0,15,12,55.6
10,2019-10-22,10,32-076,PIT,@,FLA,L,0,1,1,0,0,0,0,0,0,1,0,0,2,0.0,23,21:41,1,0,4,10,28.6
11,2019-10-23,11,32-077,PIT,@,TBL,L,0,1,1,0,0,0,0,0,0,1,0,0,2,0.0,25,20:07,2,1,14,7,66.7
12,2019-10-26,12,32-080,PIT,@,DAL,W,0,0,0,0,0,0,0,0,0,0,0,0,0,,26,19:18,3,0,7,10,41.2
13,2019-10-29,13,32-083,PIT,,PHI,W,1,2,3,3,2,1,0,0,0,2,0,0,6,16.7,21,16:51,0,1,8,6,57.1
14,2019-11-02,14,32-087,PIT,,EDM,L-OT,0,0,0,-1,0,0,0,0,0,0,0,0,2,0.0,24,22:35,1,0,12,11,52.2
15,2019-11-04,15,32-089,PIT,@,BOS,L,0,0,0,-4,0,0,0,0,0,0,0,0,5,0.0,25,18:50,1,0,12,11,52.2
16,2019-11-07,16,32-092,PIT,@,NYI,W,0,0,0,-2,0,0,0,0,0,0,0,0,3,0.0,27,21:24,0,0,8,9,47.1
17,2019-11-09,17,32-094,PIT,,CHI,W,0,0,0,0,0,0,0,0,0,0,0,0,1,0.0,17,15:19,0,2,8,8,50.0
18,2020-01-14,18,32-160,PIT,,MIN,W,1,3,4,1,0,1,0,0,0,1,2,0,3,33.3,21,17:53,0,0,11,6,64.7
19,2020-01-16,19,32-162,PIT,@,BOS,L,1,0,1,0,0,1,0,0,0,0,0,0,3,33.3,27,20:56,0,0,10,14,41.7
20,2020-01-17,20,32-163,PIT,@,DET,W,1,0,1,0,2,0,1,0,1,0,0,0,3,33.3,23,20:55,1,0,14,8,63.6
21,2020-01-19,21,32-165,PIT,,BOS,W,0,2,2,0,0,0,0,0,0,2,0,0,1,0.0,27,18:27,4,0,11,13,45.8
22,2020-01-21,22,32-167,PIT,@,PHI,L,0,0,0,-2,0,0,0,0,0,0,0,0,2,0.0,27,21:21,1,1,9,9,50.0
23,2020-01-31,23,32-177,PIT,,PHI,W,1,2,3,0,2,1,0,0,1,0,2,0,1,100.0,25,18:46,0,0,6,7,46.2
24,2020-02-02,24,32-179,PIT,@,WSH,W,0,1,1,0,2,0,0,0,0,1,0,0,2,0.0,24,20:59,2,0,18,13,58.1
25,2020-02-06,25,32-183,PIT,@,TBL,L,0,0,0,-3,0,0,0,0,0,0,0,0,1,0.0,26,23:01,0,0,20,12,62.5
26,2020-02-08,26,32-185,PIT,@,FLA,W,1,0,1,0,0,0,1,0,1,0,0,0,2,50.0,27,17:52,0,1,9,20,31.0
27,2020-02-11,27,32-188,PIT,,TBL,L-OT,0,1,1,0,0,0,0,0,0,0,1,0,3,0.0,26,24:02,0,1,18,11,62.1
28,2020-02-14,28,32-191,PIT,,MTL,W,0,3,3,2,0,0,0,0,0,2,1,0,3,0.0,22,18:23,1,1,9,7,56.3
29,2020-02-16,29,32-193,PIT,,DET,W,1,1,2,1,0,1,0,0,0,0,1,0,4,25.0,22,19:18,1,0,10,7,58.8
30,2020-02-18,30,32-195,PIT,,TOR,W,1,3,4,1,0,0,1,0,0,1,2,0,3,33.3,24,19:54,0,1,14,10,58.3
31,2020-02-20,31,32-197,PIT,@,TOR,L,0,0,0,-1,0,0,0,0,0,0,0,0,3,0.0,25,20:05,0,0,9,12,42.9
32,2020-02-22,32,32-199,PIT,,BUF,L,0,0,0,-1,0,0,0,0,0,0,0,0,2,0.0,21,19:09,0,1,13,10,56.5
33,2020-02-23,33,32-200,PIT,@,WSH,L,1,0,1,-3,0,1,0,0,0,0,0,0,5,20.0,26,20:58,0,0,9,10,47.4
34,2020-02-26,34,32-203,PIT,@,LAK,L,0,0,0,-1,0,0,0,0,0,0,0,0,2,0.0,23,20:14,1,2,11,10,52.4
35,2020-02-28,35,32-205,PIT,@,ANA,L,0,0,0,0,0,0,0,0,0,0,0,0,3,0.0,24,22:14,0,1,10,4,71.4
36,2020-02-29,36,32-206,PIT,@,SJS,L,0,0,0,-2,0,0,0,0,0,0,0,0,2,0.0,19,18:00,0,0,16,6,72.7
37,2020-03-03,37,32-209,PIT,,OTT,W,1,2,3,3,0,1,0,0,1,1,1,0,6,16.7,25,20:44,0,0,16,12,57.1
38,2020-03-05,38,32-211,PIT,@,BUF,W,1,0,1,0,0,1,0,0,0,0,0,0,5,20.0,25,19:23,0,0,9,11,45.0
39,2020-03-07,39,32-213,PIT,,WSH,L,1,1,2,-1,0,1,0,0,0,0,1,0,2,50.0,22,21:53,0,0,16,9,64.0
40,2020-03-08,40,32-214,PIT,,CAR,L,0,0,0,-1,0,0,0,0,0,0,0,0,1,0.0,25,18:58,0,0,16,4,80.0
41,2020-03-10,41,32-216,PIT,@,NJD,W,0,0,0,0,2,0,0,0,0,0,0,0,1,0.0,24,18:32,0,1,11,9,55.0
1,2018-10-04,1,31-058,PIT,,WSH,W,0,2,2,2,0,0,0,0,0,2,0,0,5,0.0,25,22:01,1,1,14,11,56.0
2,2018-10-06,2,31-060,PIT,,MTL,L,0,0,0,-1,0,0,0,0,0,0,0,0,1,0.0,21,18:38,2,0,16,6,72.7
3,2018-10-11,3,31-065,PIT,,VEG,W,0,1,1,0,0,0,0,0,0,1,0,0,0,,20,16:44,3,1,11,6,64.7
4,2018-10-13,4,31-067,PIT,@,MTL,L-SO,0,1,1,-1,0,0,0,0,0,0,1,0,3,0.0,30,21:54,3,0,8,14,36.4
5,2018-10-16,5,31-070,PIT,,VAN,L-OT,0,0,0,1,0,0,0,0,0,0,0,0,3,0.0,24,21:07,3,0,14,9,60.9
6,2018-10-18,6,31-072,PIT,@,TOR,W,0,1,1,1,0,0,0,0,0,0,1,0,1,0.0,27,19:40,1,1,10,14,41.7
7,2018-10-23,7,31-077,PIT,@,EDM,W,2,0,2,1,0,1,1,0,1,0,0,0,5,40.0,27,20:33,1,0,16,4,80.0
8,2018-10-25,8,31-079,PIT,@,CGY,W,1,2,3,2,0,1,0,0,0,1,1,0,2,50.0,20,16:54,1,0,8,13,38.1
9,2018-10-27,9,31-081,PIT,@,VAN,W,2,0,2,2,0,2,0,0,0,0,0,0,3,66.7,24,20:03,1,1,10,9,52.6
10,2018-10-30,10,31-084,PIT,,NYI,L,1,1,2,2,0,1,0,0,0,1,0,0,7,14.3,24,20:21,1,0,13,8,61.9
11,2018-11-01,11,31-086,PIT,@,NYI,L-SO,0,0,0,-1,0,0,0,0,0,0,0,0,0,,28,24:23,0,0,17,15,53.1
12,2018-11-03,12,31-088,PIT,,TOR,L,0,0,0,-3,0,0,0,0,0,0,0,0,1,0.0,26,20:37,1,0,11,17,39.3
13,2018-11-05,13,31-090,PIT,,NJD,L,0,0,0,1,0,0,0,0,0,0,0,0,3,0.0,22,20:22,0,0,21,9,70.0
14,2018-11-07,14,31-092,PIT,@,WSH,L,1,0,1,-1,2,0,1,0,0,0,0,0,8,12.5,26,21:35,0,2,17,8,68.0
15,2018-11-10,15,31-095,PIT,,ARI,W,1,1,2,4,0,1,0,0,1,1,0,0,2,50.0,20,16:54,0,3,8,5,61.5
16,2018-11-13,16,31-098,PIT,@,NJD,L,0,2,2,-2,0,0,0,0,0,1,1,0,3,0.0,27,21:32,0,0,13,15,46.4
17,2018-11-21,17,31-106,PIT,,DAL,W,1,2,3,2,0,1,0,0,0,2,0,0,3,33.3,23,16:54,2,0,5,10,33.3
18,2018-11-23,18,31-108,PIT,@,BOS,L-OT,0,0,0,0,0,0,0,0,0,0,0,0,5,0.0,31,23:12,0,1,19,9,67.9
19,2018-11-24,19,31-109,PIT,,CBJ,W,0,2,2,2,0,0,0,0,0,2,0,0,1,0.0,28,20:36,1,0,12,10,54.5
20,2018-11-27,20,31-112,PIT,@,WPG,W,1,0,1,0,0,1,0,0,0,0,0,0,3,33.3,26,20:07,2,1,9,13,40.9
21,2018-11-28,21,31-113,PIT,@,COL,L,3,0,3,-1,2,2,1,0,0,0,0,0,7,42.9,26,20:44,0,0,13,14,48.1
22,2018-12-01,22,31-116,PIT,,PHI,L,1,0,1,-2,0,1,0,0,0,0,0,0,3,33.3,24,20:05,2,0,1,12,7.7
23,2018-12-04,23,31-119,PIT,,COL,W,0,0,0,0,2,0,0,0,0,0,0,0,2,0.0,28,19:46,2,0,19,4,82.6
24,2018-12-06,24,31-121,PIT,,NYI,W,1,2,3,2,0,1,0,0,0,1,1,0,3,33.3,24,22:19,2,2,14,7,66.7
25,2018-12-08,25,31-123,PIT,@,OTT,L-OT,0,0,0,0,0,0,0,0,0,0,0,0,4,0.0,23,20:13,0,0,12,9,57.1
26,2018-12-10,26,31-125,PIT,@,NYI,W,0,0,0,1,0,0,0,0,0,0,0,0,2,0.0,27,23:56,1,1,15,6,71.4
27,2018-12-12,27,31-127,PIT,@,CHI,L,0,0,0,-3,0,0,0,0,0,0,0,0,1,0.0,25,22:58,0,0,10,9,52.6
28,2018-12-14,28,31-129,PIT,,BOS,W,0,2,2,1,0,0,0,0,0,2,0,0,2,0.0,27,21:05,3,0,14,11,56.0
29,2018-12-15,29,31-130,PIT,,LAK,W,0,1,1,1,0,0,0,0,0,1,0,0,3,0.0,28,22:55,0,0,12,10,54.5
30,2018-12-17,30,31-132,PIT,,ANA,L,0,1,1,-1,2,0,0,0,0,1,0,0,0,,26,21:04,1,0,7,6,53.8
31,2018-12-19,31,31-134,PIT,@,WSH,W,1,1,2,0,0,0,1,0,0,1,0,0,3,33.3,25,22:07,3,1,13,9,59.1
32,2018-12-20,32,31-135,PIT,,MIN,W,0,0,0,2,0,0,0,0,0,0,0,0,3,0.0,24,19:45,1,0,17,9,65.4
33,2018-12-22,33,31-137,PIT,@,CAR,W,0,3,3,3,0,0,0,0,0,3,0,0,5,0.0,28,20:34,0,0,16,6,72.7
34,2018-12-27,34,31-142,PIT,,DET,W,0,2,2,0,0,0,0,0,0,0,2,0,3,0.0,23,20:04,1,1,19,11,63.3
35,2018-12-29,35,31-144,PIT,@,STL,W,1,2,3,2,0,0,1,0,0,2,0,0,3,33.3,25,18:13,0,0,16,10,61.5
36,2018-12-31,36,31-146,PIT,@,MIN,W,1,1,2,0,0,0,1,0,0,1,0,0,2,50.0,28,19:56,2,2,11,13,45.8
37,2019-01-02,37,31-148,PIT,@,NYR,W,1,1,2,2,2,1,0,0,0,1,0,0,2,50.0,24,19:10,0,1,10,12,45.5
38,2019-01-04,38,31-150,PIT,,WPG,W,0,1,1,1,0,0,0,0,0,1,0,0,2,0.0,24,21:47,1,1,11,15,42.3
39,2019-01-06,39,31-152,PIT,,CHI,L,0,0,0,0,0,0,0,0,0,0,0,0,2,0.0,23,20:28,1,0,10,14,41.7
40,2019-01-08,40,31-154,PIT,,FLA,W,1,1,2,2,2,1,0,0,0,1,0,0,7,14.3,24,20:44,0,1,12,8,60.0
41,2019-01-11,41,31-157,PIT,@,ANA,W,0,1,1,1,0,0,0,0,0,1,0,0,0,,26,22:05,1,0,9,8,52.9
42,2019-01-12,42,31-158,PIT,@,LAK,L,0,1,1,-1,0,0,0,0,0,0,0,1,4,0.0,27,23:46,3,1,13,10,56.5
43,2019-01-15,43,31-161,PIT,@,SJS,L,0,0,0,-2,0,0,0,0,0,0,0,0,2,0.0,26,21:11,2,0,10,8,55.6
44,2019-01-18,44,31-164,PIT,@,ARI,W,0,1,1,-1,2,0,0,0,0,0,1,0,3,0.0,29,21:54,2,1,18,6,75.0
45,2019-01-19,45,31-165,PIT,@,VEG,L,1,0,1,1,0,1,0,0,0,0,0,0,6,16.7,25,20:41,1,1,17,10,63.0
46,2019-01-28,46,31-174,PIT,,NJD,L,0,0,0,-1,2,0,0,0,0,0,0,0,5,0.0,25,20:32,1,0,13,12,52.0
47,2019-01-30,47,31-176,PIT,,TBL,W,1,0,1,1,0,1,0,0,1,0,0,0,1,100.0,26,22:00,4,0,15,10,60.0
48,2019-02-01,48,31-178,PIT,,OTT,W,0,2,2,1,0,0,0,0,0,2,0,0,5,0.0,22,21:07,2,0,13,10,56.5
49,2019-02-02,49,31-179,PIT,@,TOR,L,1,0,1,-2,0,0,1,0,0,0,0,0,3,33.3,26,20:24,1,0,5,14,26.3
50,2019-02-05,50,31-182,PIT,,CAR,L,0,0,0,-2,0,0,0,0,0,0,0,0,2,0.0,21,22:46,3,3,12,8,60.0
51,2019-02-07,51,31-184,PIT,@,FLA,L-OT,0,0,0,0,0,0,0,0,0,0,0,0,2,0.0,28,21:57,0,0,10,11,47.6
52,2019-02-09,52,31-186,PIT,@,TBL,L,0,1,1,-1,2,0,0,0,0,1,0,0,4,0.0,32,22:37,0,0,16,12,57.1
53,2019-02-11,53,31-188,PIT,@,PHI,W,1,2,3,3,0,1,0,0,0,1,0,1,3,33.3,27,20:53,0,1,11,12,47.8
54,2019-02-13,54,31-190,PIT,,EDM,W,0,1,1,1,0,0,0,0,0,1,0,0,2,0.0,23,20:36,2,1,11,11,50.0
55,2019-02-16,55,31-193,PIT,,CGY,L,1,2,3,-1,0,0,1,0,0,0,2,0,5,20.0,24,21:35,2,1,12,12,50.0
56,2019-02-17,56,31-194,PIT,,NYR,W,0,3,3,1,4,0,0,0,0,3,0,0,1,0.0,24,21:41,2,0,14,9,60.9
57,2019-02-19,57,31-196,PIT,@,NJD,W,0,1,1,1,0,0,0,0,0,1,0,0,1,0.0,26,19:24,0,0,11,10,52.4
58,2019-02-21,58,31-198,PIT,,SJS,L,0,0,0,-1,10,0,0,0,0,0,0,0,3,0.0,23,19:08,1,1,8,12,40.0
59,2019-02-23,59,31-200,PIT,@,PHI,L-OT,1,1,2,-1,0,1,0,0,0,1,0,0,2,50.0,28,20:19,1,0,10,16,38.5
60,2019-02-26,60,31-203,PIT,@,CBJ,W,1,1,2,1,0,1,0,0,0,1,0,0,4,25.0,29,22:02,1,1,8,11,42.1
61,2019-03-01,61,31-206,PIT,@,BUF,L-OT,1,1,2,-1,0,0,1,0,0,0,1,0,3,33.3,30,22:13,1,1,16,9,64.0
62,2019-03-02,62,31-207,PIT,@,MTL,W,1,3,4,4,0,1,0,0,0,2,1,0,3,33.3,27,19:06,1,1,13,13,50.0
63,2019-03-05,63,31-210,PIT,,FLA,W,1,2,3,2,0,0,1,0,0,2,0,0,3,33.3,30,21:47,1,0,14,11,56.0
64,2019-03-07,64,31-212,PIT,,CBJ,W,1,0,1,1,0,1,0,0,0,0,0,0,3,33.3,27,20:35,0,1,13,8,61.9
65,2019-03-09,65,31-214,PIT,@,CBJ,L,0,0,0,-3,0,0,0,0,0,0,0,0,1,0.0,27,20:00,0,0,12,10,54.5
66,2019-03-10,66,31-215,PIT,,BOS,W,0,1,1,0,0,0,0,0,0,0,1,0,0,,29,21:48,1,0,11,12,47.8
67,2019-03-12,67,31-217,PIT,,WSH,W,2,0,2,1,0,1,1,0,0,0,0,0,3,66.7,29,21:25,2,1,11,15,42.3
68,2019-03-14,68,31-219,PIT,@,BUF,W,0,2,2,0,0,0,0,0,0,0,2,0,1,0.0,24,22:21,0,0,13,9,59.1
69,2019-03-16,69,31-221,PIT,,STL,L,0,0,0,-3,0,0,0,0,0,0,0,0,3,0.0,23,20:51,1,1,14,8,63.6
70,2019-03-17,70,31-222,PIT,,PHI,L-OT,0,0,0,-2,0,0,0,0,0,0,0,0,1,0.0,33,24:11,1,1,12,10,54.5
71,2019-03-19,71,31-224,PIT,@,CAR,L-SO,0,1,1,1,2,0,0,0,0,1,0,0,4,0.0,31,20:49,0,0,15,15,50.0
72,2019-03-21,72,31-226,PIT,@,NSH,W,0,0,0,1,2,0,0,0,0,0,0,0,0,,29,23:41,0,2,20,4,83.3
73,2019-03-23,73,31-228,PIT,@,DAL,W,0,0,0,0,0,0,0,0,0,0,0,0,3,0.0,26,19:39,0,0,8,11,42.1
74,2019-03-25,74,31-230,PIT,@,NYR,W,0,1,1,-1,0,0,0,0,0,0,1,0,0,,25,20:04,0,2,10,11,47.6
75,2019-03-29,75,31-234,PIT,,NSH,L,0,0,0,0,0,0,0,0,0,0,0,0,5,0.0,24,24:31,4,0,17,14,54.8
76,2019-03-31,76,31-236,PIT,,CAR,W,0,0,0,0,0,0,0,0,0,0,0,0,2,0.0,27,22:42,0,0,21,11,65.6
77,2019-04-02,77,31-238,PIT,@,DET,L,0,1,1,-2,0,0,0,0,0,1,0,0,1,0.0,25,20:46,0,0,14,5,73.7
78,2019-04-04,78,31-240,PIT,,DET,W,1,2,3,1,0,0,1,0,0,1,1,0,5,20.0,24,20:57,1,0,23,11,67.6
79,2019-04-06,79,31-242,PIT,,NYR,L-OT,1,1,2,0,0,1,0,0,0,1,0,0,3,33.3,24,22:17,0,1,15,15,50.0
1,2017-10-04,1,30-058,PIT,,STL,L-OT,1,1,2,-1,4,0,1,0,0,1,0,0,2,50.0,26,23:39,0,2,15,13,53.6
2,2017-10-05,2,30-059,PIT,@,CHI,L,0,1,1,-4,0,0,0,0,0,0,1,0,4,0.0,24,16:17,2,0,10,7,58.8
3,2017-10-07,3,30-061,PIT,,NSH,W,0,2,2,2,4,0,0,0,0,2,0,0,1,0.0,25,17:38,1,0,10,10,50.0
4,2017-10-11,4,30-065,PIT,@,WSH,W,0,1,1,0,0,0,0,0,0,0,1,0,1,0.0,28,20:31,1,1,14,14,50.0
5,2017-10-12,5,30-066,PIT,@,TBL,L,0,0,0,0,0,0,0,0,0,0,0,0,6,0.0,26,23:03,0,0,12,15,44.4
6,2017-10-14,6,30-068,PIT,,FLA,W,2,0,2,0,2,1,1,0,1,0,0,0,4,50.0,26,18:54,0,0,12,9,57.1
7,2017-10-17,7,30-071,PIT,@,NYR,W,1,0,1,0,6,1,0,0,0,0,0,0,4,25.0,26,20:16,1,1,12,8,60.0
8,2017-10-20,8,30-074,PIT,@,FLA,W,1,0,1,-2,0,0,1,0,0,0,0,0,4,25.0,29,20:43,2,1,14,18,43.8
9,2017-10-21,9,30-075,PIT,@,TBL,L,0,0,0,-1,12,0,0,0,0,0,0,0,4,0.0,22,18:01,0,0,14,7,66.7
10,2017-10-24,10,30-078,PIT,,EDM,W,0,0,0,0,0,0,0,0,0,0,0,0,5,0.0,24,21:59,0,0,13,5,72.2
11,2017-10-26,11,30-080,PIT,,WPG,W,0,1,1,1,0,0,0,0,0,1,0,0,7,0.0,23,21:20,1,0,15,7,68.2
12,2017-10-28,12,30-082,PIT,@,MIN,L,0,0,0,-1,0,0,0,0,0,0,0,0,3,0.0,22,21:29,0,1,10,10,50.0
13,2017-10-29,13,30-083,PIT,@,WPG,L,0,0,0,-2,0,0,0,0,0,0,0,0,1,0.0,23,19:34,0,0,10,10,50.0
14,2017-11-01,14,30-086,PIT,@,EDM,W,0,1,1,0,2,0,0,0,0,1,0,0,3,0.0,27,19:57,2,1,13,20,39.4
15,2017-11-02,15,30-087,PIT,@,CGY,L-OT,0,0,0,0,0,0,0,0,0,0,0,0,1,0.0,25,19:30,0,0,12,12,50.0
16,2017-11-04,16,30-089,PIT,@,VAN,L,0,1,1,-3,0,0,0,0,0,0,1,0,3,0.0,24,21:38,2,1,18,10,64.3
17,2017-11-07,17,30-092,PIT,,ARI,W,0,0,0,-1,2,0,0,0,0,0,0,0,0,,27,23:15,0,0,14,15,48.3
18,2017-11-10,18,30-095,PIT,@,WSH,L,0,0,0,-2,0,0,0,0,0,0,0,0,2,0.0,24,18:58,1,0,8,14,36.4
19,2017-11-11,19,30-096,PIT,@,NSH,L-SO,0,0,0,0,0,0,0,0,0,0,0,0,5,0.0,29,22:39,0,0,12,10,54.5
20,2017-11-14,20,30-099,PIT,,BUF,W,1,1,2,0,0,0,1,0,0,1,0,0,5,20.0,28,23:34,1,0,19,13,59.4
21,2017-11-16,21,30-101,PIT,@,OTT,W,0,1,1,2,0,0,0,0,0,1,0,0,2,0.0,26,19:11,1,1,13,10,56.5
22,2017-11-18,22,30-103,PIT,,CHI,L,0,0,0,0,0,0,0,0,0,0,0,0,2,0.0,24,19:28,1,0,13,14,48.1
23,2017-11-22,23,30-107,PIT,,VAN,L,0,1,1,-1,0,0,0,0,0,0,1,0,6,0.0,28,21:20,2,2,12,11,52.2
24,2017-11-24,24,30-109,PIT,@,BOS,L,1,1,2,1,0,1,0,0,0,0,1,0,2,50.0,27,21:55,0,1,13,9,59.1
25,2017-11-25,25,30-110,PIT,,TBL,W,2,1,3,0,0,0,2,0,1,0,1,0,3,66.7,24,19:56,2,0,15,10,60.0
26,2017-11-27,26,30-112,PIT,,PHI,W,1,2,3,2,0,1,0,0,1,1,1,0,5,20.0,29,25:38,0,0,16,18,47.1
27,2017-12-01,27,30-116,PIT,@,BUF,W,1,1,2,2,0,1,0,0,0,1,0,0,3,33.3,21,16:17,0,0,10,14,41.7
28,2017-12-02,28,30-117,PIT,,BUF,W,1,1,2,1,0,1,0,0,0,0,1,0,1,100.0,24,21:00,1,0,17,9,65.4
29,2017-12-05,29,30-120,PIT,,NYR,L,0,0,0,1,0,0,0,0,0,0,0,0,6,0.0,26,22:02,1,0,12,13,48.0
30,2017-12-07,30,30-122,PIT,,NYI,W,0,2,2,-1,0,0,0,0,0,0,2,0,0,,25,19:32,1,3,5,15,25.0
31,2017-12-09,31,30-124,PIT,,TOR,L,1,0,1,1,0,1,0,0,0,0,0,0,7,14.3,25,22:52,6,0,12,11,52.2
32,2017-12-11,32,30-126,PIT,,COL,L,0,0,0,0,0,0,0,0,0,0,0,0,3,0.0,23,20:42,0,0,11,12,47.8
33,2017-12-14,33,30-129,PIT,@,VEG,L,0,0,0,0,0,0,0,0,0,0,0,0,0,,24,23:18,0,1,14,6,70.0
34,2017-12-16,34,30-131,PIT,@,ARI,W,1,0,1,0,0,1,0,0,0,0,0,0,2,50.0,25,22:14,2,0,12,8,60.0
35,2017-12-18,35,30-133,PIT,@,COL,L,0,0,0,-2,0,0,0,0,0,0,0,0,0,,24,20:47,1,0,6,12,33.3
36,2017-12-21,36,30-136,PIT,,CBJ,W,0,1,1,0,6,0,0,0,0,0,1,0,3,0.0,30,21:04,1,0,13,15,46.4
37,2017-12-23,37,30-138,PIT,,ANA,L,0,0,0,-2,0,0,0,0,0,0,0,0,3,0.0,25,18:05,1,0,16,6,72.7
38,2017-12-27,38,30-142,PIT,,CBJ,W,0,1,1,-1,2,0,0,0,0,0,1,0,1,0.0,27,23:06,0,0,17,11,60.7
39,2017-12-29,39,30-144,PIT,@,CAR,L,0,0,0,0,0,0,0,0,0,0,0,0,1,0.0,27,20:33,1,0,15,7,68.2
40,2017-12-31,40,30-146,PIT,@,DET,L,0,0,0,-2,0,0,0,0,0,0,0,0,2,0.0,27,20:01,0,0,11,9,55.0
41,2018-01-02,41,30-148,PIT,@,PHI,W,0,1,1,1,0,0,0,0,0,0,1,0,2,0.0,26,20:56,0,1,12,11,52.2
42,2018-01-04,42,30-150,PIT,,CAR,L,0,0,0,-1,0,0,0,0,0,0,0,0,0,,24,19:25,1,0,10,12,45.5
43,2018-01-05,43,30-151,PIT,@,NYI,W,1,3,4,3,0,1,0,0,0,2,1,0,2,50.0,23,19:22,0,0,11,10,52.4
44,2018-01-07,44,30-153,PIT,,BOS,W,0,3,3,-1,0,0,0,0,0,1,2,0,2,0.0,28,22:38,0,1,16,11,59.3
45,2018-01-13,45,30-159,PIT,,DET,W,1,1,2,0,0,0,1,0,0,0,1,0,5,20.0,27,19:47,0,0,11,7,61.1
46,2018-01-14,46,30-160,PIT,,NYR,W,1,1,2,1,0,1,0,0,0,1,0,0,4,25.0,27,20:16,0,0,13,11,54.2
47,2018-01-17,47,30-163,PIT,@,ANA,L,0,2,2,-2,0,0,0,0,0,0,2,0,2,0.0,26,22:41,0,0,10,16,38.5
48,2018-01-18,48,30-164,PIT,@,LAK,W,0,1,1,-1,0,0,0,0,0,0,1,0,1,0.0,30,22:05,2,0,15,15,50.0
49,2018-01-20,49,30-166,PIT,@,SJS,L,0,1,1,1,0,0,0,0,0,1,0,0,4,0.0,28,21:44,2,1,12,13,48.0
50,2018-01-23,50,30-169,PIT,,CAR,W,0,1,1,1,0,0,0,0,0,1,0,0,1,0.0,29,19:05,2,2,16,6,72.7
51,2018-01-25,51,30-171,PIT,,MIN,W,0,3,3,2,0,0,0,0,0,2,1,0,1,0.0,25,17:32,0,1,9,9,50.0
52,2018-01-30,52,30-176,PIT,,SJS,W,0,1,1,2,2,0,0,0,0,1,0,0,4,0.0,28,21:41,2,1,15,13,53.6
53,2018-02-02,53,30-179,PIT,,WSH,W,0,2,2,-1,2,0,0,0,0,0,2,0,4,0.0,30,22:21,0,2,16,10,61.5
54,2018-02-03,54,30-180,PIT,@,NJD,L,0,0,0,-3,0,0,0,0,0,0,0,0,2,0.0,27,21:38,0,1,9,8,52.9
55,2018-02-06,55,30-183,PIT,,VEG,W,0,2,2,2,0,0,0,0,0,2,0,0,4,0.0,30,25:22,5,0,16,13,55.2
56,2018-02-09,56,30-186,PIT,@,DAL,L-SO,0,0,0,-1,0,0,0,0,0,0,0,0,6,0.0,30,21:09,0,1,7,15,31.8
57,2018-02-11,57,30-188,PIT,@,STL,W,2,0,2,2,0,2,0,0,0,0,0,0,3,66.7,26,17:39,1,0,17,8,68.0
58,2018-02-13,58,30-190,PIT,,OTT,W,0,3,3,2,0,0,0,0,0,3,0,0,1,0.0,28,21:23,1,2,16,14,53.3
59,2018-02-15,59,30-192,PIT,,LAK,W,0,1,1,1,0,0,0,0,0,1,0,0,3,0.0,25,22:03,0,0,9,14,39.1
60,2018-02-17,60,30-194,PIT,,TOR,W,0,0,0,1,0,0,0,0,0,0,0,0,2,0.0,25,21:25,0,0,9,15,37.5
61,2018-02-18,61,30-195,PIT,@,CBJ,W,0,0,0,1,0,0,0,0,0,0,0,0,1,0.0,25,19:12,0,1,4,15,21.1
62,2018-02-23,62,30-200,PIT,@,CAR,W,1,0,1,-1,0,0,1,0,0,0,0,0,3,33.3,23,18:25,2,1,6,9,40.0
63,2018-02-24,63,30-201,PIT,@,FLA,L,0,1,1,-1,0,0,0,0,0,0,1,0,1,0.0,25,19:22,0,0,5,12,29.4
64,2018-02-27,64,30-204,PIT,,NJD,L,1,0,1,1,0,1,0,0,0,0,0,0,7,14.3,23,21:09,2,0,18,7,72.0
65,2018-03-01,65,30-206,PIT,@,BOS,L,0,0,0,0,0,0,0,0,0,0,0,0,4,0.0,23,20:49,2,0,11,18,37.9
66,2018-03-03,66,30-208,PIT,,NYI,W,1,0,1,0,0,1,0,0,1,0,0,0,7,14.3,24,19:51,1,1,8,6,57.1
67,2018-03-05,67,30-210,PIT,,CGY,W,0,0,0,0,0,0,0,0,0,0,0,0,1,0.0,25,21:08,1,0,12,6,66.7
68,2018-03-07,68,30-212,PIT,@,PHI,W,0,3,3,3,0,0,0,0,0,2,1,0,3,0.0,28,20:20,0,1,9,7,56.3
69,2018-03-10,69,30-215,PIT,@,TOR,L,1,0,1,0,0,1,0,0,0,0,0,0,3,33.3,22,20:47,1,0,13,12,52.0
70,2018-03-11,70,30-216,PIT,,DAL,W,0,2,2,1,0,0,0,0,0,1,1,0,2,0.0,23,21:08,0,0,9,14,39.1
71,2018-03-14,71,30-219,PIT,@,NYR,L-OT,0,0,0,0,0,0,0,0,0,0,0,0,2,0.0,26,19:25,0,1,13,8,61.9
72,2018-03-15,72,30-220,PIT,@,MTL,W,0,1,1,-1,0,0,0,0,0,0,1,0,5,0.0,26,21:18,3,0,16,9,64.0
73,2018-03-20,73,30-225,PIT,@,NYI,L,0,0,0,-2,0,0,0,0,0,0,0,0,4,0.0,24,17:58,1,1,12,7,63.2
74,2018-03-21,74,30-226,PIT,,MTL,W,1,1,2,1,2,1,0,0,0,1,0,0,4,25.0,27,18:12,1,0,15,12,55.6
75,2018-03-23,75,30-228,PIT,,NJD,L-OT,1,1,2,1,0,1,0,0,0,1,0,0,5,20.0,26,21:08,1,0,12,16,42.9
76,2018-03-25,76,30-230,PIT,,PHI,W,1,1,2,2,0,1,0,0,0,1,0,0,4,25.0,27,20:03,3,0,8,13,38.1
77,2018-03-27,77,30-232,PIT,@,DET,L,1,0,1,-1,0,1,0,0,0,0,0,0,4,25.0,25,19:45,0,0,13,10,56.5
78,2018-03-29,78,30-234,PIT,@,NJD,W,1,0,1,0,0,1,0,0,1,0,0,0,4,25.0,26,19:34,2,0,18,11,62.1
79,2018-03-31,79,30-236,PIT,,MTL,W,0,1,1,0,0,0,0,0,0,0,1,0,2,0.0,23,21:06,3,0,22,2,91.7
80,2018-04-01,80,30-237,PIT,,WSH,L,0,0,0,-1,0,0,0,0,0,0,0,0,7,0.0,26,21:42,1,0,16,9,64.0
81,2018-04-05,81,30-241,PIT,@,CBJ,W,0,1,1,0,0,0,0,0,0,0,1,0,1,0.0,28,22:16,0,0,15,17,46.9
82,2018-04-06,82,30-242,PIT,,OTT,W,1,1,2,1,0,0,1,0,1,1,0,0,3,33.3,20,19:45,0,1,12,11,52.2
1,2016-10-25,1,29-079,PIT,,FLA,W,1,0,1,0,0,0,1,0,0,0,0,0,4,25.0,25,18:02,2,0,9,9,50.0
2,2016-10-27,2,29-081,PIT,,NYI,W,1,1,2,0,0,1,0,0,1,0,1,0,4,25.0,25,18:21,1,0,10,14,41.7
3,2016-10-29,3,29-083,PIT,@,PHI,W,2,0,2,1,0,1,1,0,0,0,0,0,5,40.0,29,17:56,0,0,10,9,52.6
4,2016-11-02,4,29-087,PIT,@,ANA,W,0,1,1,1,0,0,0,0,0,1,0,0,2,0.0,25,16:31,1,0,7,10,41.2
5,2016-11-03,5,29-088,PIT,@,LAK,L-OT,2,0,2,1,0,2,0,0,0,0,0,0,2,100.0,26,20:25,1,1,12,15,44.4
6,2016-11-05,6,29-090,PIT,@,SJS,W,2,0,2,2,0,2,0,0,0,0,0,0,4,50.0,23,16:17,0,1,11,15,42.3
7,2016-11-08,7,29-093,PIT,,EDM,W,0,0,0,0,0,0,0,0,0,0,0,0,2,0.0,23,18:32,1,0,12,16,42.9
8,2016-11-10,8,29-095,PIT,,MIN,L,1,0,1,-1,0,0,1,0,0,0,0,0,6,16.7,23,20:57,3,0,12,18,40.0
9,2016-11-12,9,29-097,PIT,,TOR,W,1,1,2,2,0,1,0,0,0,1,0,0,6,16.7,24,18:32,3,0,16,7,69.6
10,2016-11-16,10,29-101,PIT,@,WSH,L,0,0,0,-3,2,0,0,0,0,0,0,0,2,0.0,26,18:03,1,0,8,18,30.8
11,2016-11-18,11,29-103,PIT,@,NYI,W,1,1,2,0,0,0,1,0,0,1,0,0,3,33.3,25,20:07,0,0,12,8,60.0
12,2016-11-19,12,29-104,PIT,@,BUF,L-SO,1,0,1,0,0,0,1,0,0,0,0,0,3,33.3,28,20:24,1,0,11,16,40.7
13,2016-11-21,13,29-106,PIT,,NYR,L,0,0,0,-4,2,0,0,0,0,0,0,0,2,0.0,26,21:40,2,0,10,13,43.5
14,2016-11-23,14,29-108,PIT,@,NYR,W,2,1,3,3,4,2,0,0,1,1,0,0,6,33.3,21,16:39,1,1,9,8,52.9
15,2016-11-25,15,29-110,PIT,@,MIN,L,0,0,0,-1,0,0,0,0,0,0,0,0,3,0.0,22,19:37,1,0,15,9,62.5
16,2016-11-26,16,29-111,PIT,,NJD,W,1,0,1,-1,0,1,0,0,0,0,0,0,5,20.0,29,25:00,3,2,16,16,50.0
17,2016-11-30,17,29-115,PIT,@,NYI,L,0,2,2,1,0,0,0,0,0,2,0,0,1,0.0,24,20:22,0,0,11,17,39.3
18,2016-12-01,18,29-116,PIT,,DAL,W,1,2,3,2,0,1,0,0,1,1,1,0,4,25.0,25,19:26,1,0,12,10,54.5
19,2016-12-03,19,29-118,PIT,,DET,W,0,1,1,0,0,0,0,0,0,1,0,0,3,0.0,25,20:46,1,0,12,9,57.1
20,2016-12-05,20,29-120,PIT,,OTT,W,1,0,1,1,0,1,0,0,0,0,0,0,4,25.0,23,17:13,2,1,11,7,61.1
21,2016-12-08,21,29-123,PIT,@,FLA,W,1,1,2,2,0,1,0,0,0,1,0,0,2,50.0,24,18:39,0,0,11,14,44.0
22,2016-12-10,22,29-125,PIT,@,TBL,W,2,0,2,1,2,1,1,0,0,0,0,0,3,66.7,28,19:20,2,0,14,8,63.6
23,2016-12-12,23,29-127,PIT,,ARI,W,1,0,1,0,0,0,1,0,0,0,0,0,2,50.0,20,16:52,0,0,13,6,68.4
24,2016-12-14,24,29-129,PIT,,BOS,W,0,1,1,1,0,0,0,0,0,1,0,0,0,,26,20:10,1,0,9,21,30.0
25,2016-12-16,25,29-131,PIT,,LAK,L-OT,0,0,0,0,0,0,0,0,0,0,0,0,4,0.0,24,20:48,1,1,16,10,61.5
26,2016-12-17,26,29-132,PIT,@,TOR,L-OT,0,1,1,0,0,0,0,0,0,0,1,0,2,0.0,24,20:04,1,1,9,7,56.3
27,2016-12-20,27,29-135,PIT,,NYR,W,1,1,2,1,2,0,1,0,0,1,0,0,7,14.3,22,18:44,0,0,10,12,45.5
28,2016-12-22,28,29-137,PIT,@,CBJ,L,1,0,1,-2,0,1,0,0,0,0,0,0,5,20.0,24,18:21,1,0,3,14,17.6
29,2016-12-23,29,29-138,PIT,,NJD,W,1,0,1,-1,0,0,1,0,0,0,0,0,7,14.3,22,19:09,0,0,10,12,45.5
30,2016-12-27,30,29-142,PIT,@,NJD,W,1,2,3,2,0,1,0,0,0,1,1,0,2,50.0,22,16:48,2,0,9,12,42.9
31,2016-12-28,31,29-143,PIT,,CAR,W,1,0,1,0,0,1,0,0,0,0,0,0,2,50.0,25,18:02,0,1,16,5,76.2
32,2016-12-31,32,29-146,PIT,,MTL,W,0,0,0,1,0,0,0,0,0,0,0,0,5,0.0,26,23:00,5,0,14,14,50.0
33,2017-01-08,33,29-154,PIT,,TBL,W,0,2,2,2,0,0,0,0,0,2,0,0,4,0.0,25,16:59,1,0,12,10,54.5
34,2017-01-11,34,29-157,PIT,@,WSH,L,0,1,1,-2,0,0,0,0,0,0,1,0,0,,24,22:50,0,0,6,19,24.0
35,2017-01-12,35,29-158,PIT,@,OTT,L,0,0,0,-1,0,0,0,0,0,0,0,0,4,0.0,24,17:25,1,1,10,16,38.5
36,2017-01-14,36,29-160,PIT,@,DET,L,0,1,1,0,2,0,0,0,0,1,0,0,2,0.0,25,20:34,1,0,10,10,50.0
37,2017-01-16,37,29-162,PIT,,WSH,W,1,3,4,3,0,1,0,0,0,2,1,0,3,33.3,24,18:59,4,0,12,11,52.2
38,2017-01-18,38,29-164,PIT,@,MTL,W,0,0,0,0,0,0,0,0,0,0,0,0,1,0.0,23,18:11,2,1,11,12,47.8
39,2017-01-20,39,29-166,PIT,@,CAR,W,0,1,1,1,0,0,0,0,0,1,0,0,5,0.0,24,17:22,0,0,9,14,39.1
40,2017-01-22,40,29-168,PIT,,BOS,W,1,2,3,3,0,0,1,0,0,2,0,0,3,33.3,23,15:00,0,1,12,6,66.7
41,2017-01-24,41,29-170,PIT,,STL,L,0,0,0,0,0,0,0,0,0,0,0,0,3,0.0,27,20:58,0,0,11,18,37.9
42,2017-01-26,42,29-172,PIT,@,BOS,L,0,1,1,0,0,0,0,0,0,0,1,0,0,,26,22:19,0,1,11,17,39.3
43,2017-01-31,43,29-177,PIT,,NSH,W,0,1,1,1,0,0,0,0,0,1,0,0,3,0.0,27,22:11,3,0,14,18,43.8
44,2017-02-03,44,29-180,PIT,,CBJ,W,0,0,0,-1,0,0,0,0,0,0,0,0,5,0.0,28,22:30,1,1,14,12,53.8
45,2017-02-04,45,29-181,PIT,@,STL,W,2,1,3,2,0,2,0,0,0,1,0,0,3,66.7,28,22:27,1,1,9,9,50.0
46,2017-02-07,46,29-184,PIT,,CGY,L-SO,0,1,1,-1,0,0,0,0,0,1,0,0,3,0.0,29,22:00,2,0,18,6,75.0
47,2017-02-09,47,29-186,PIT,@,COL,W,0,0,0,1,0,0,0,0,0,0,0,0,2,0.0,26,19:47,1,0,12,14,46.2
48,2017-02-11,48,29-188,PIT,@,ARI,L-OT,0,0,0,-1,2,0,0,0,0,0,0,0,1,0.0,29,24:41,0,0,17,19,47.2
49,2017-02-14,49,29-191,PIT,,VAN,W,0,1,1,1,0,0,0,0,0,1,0,0,6,0.0,23,19:35,2,0,11,8,57.9
50,2017-02-16,50,29-193,PIT,,WPG,W,1,2,3,1,0,1,0,0,1,1,1,0,3,33.3,26,20:57,1,0,12,13,48.0
51,2017-02-17,51,29-194,PIT,@,CBJ,L-OT,0,0,0,0,0,0,0,0,0,0,0,0,5,0.0,25,18:16,1,1,8,13,38.1
52,2017-02-19,52,29-196,PIT,,DET,L,1,0,1,-2,2,1,0,0,0,0,0,0,4,25.0,24,21:44,2,0,13,13,50.0
53,2017-02-21,53,29-198,PIT,@,CAR,W,1,0,1,0,4,0,1,0,1,0,0,0,5,20.0,25,22:05,1,0,12,15,44.4
54,2017-02-25,54,29-202,PIT,,PHI,W,1,0,1,0,0,1,0,0,0,0,0,0,2,50.0,24,20:47,2,1,8,13,38.1
55,2017-02-28,55,29-205,PIT,@,DAL,L,0,0,0,0,0,0,0,0,0,0,0,0,2,0.0,23,19:30,0,0,13,10,56.5
56,2017-03-01,56,29-206,PIT,@,CHI,L,0,0,0,-2,0,0,0,0,0,0,0,0,4,0.0,26,19:20,2,1,13,8,61.9
57,2017-03-03,57,29-208,PIT,,TBL,W,0,2,2,1,0,0,0,0,0,1,1,0,0,,23,20:22,0,1,11,7,61.1
58,2017-03-05,58,29-210,PIT,,BUF,W,0,0,0,0,0,0,0,0,0,0,0,0,9,0.0,24,19:59,2,0,15,14,51.7
59,2017-03-08,59,29-213,PIT,@,WPG,W,0,1,1,0,0,0,0,0,0,0,1,0,4,0.0,24,19:18,0,0,12,9,57.1
60,2017-03-10,60,29-215,PIT,@,EDM,W,0,0,0,-1,0,0,0,0,0,0,0,0,4,0.0,24,22:46,0,0,6,15,28.6
61,2017-03-11,61,29-216,PIT,@,VAN,W,0,2,2,1,0,0,0,0,0,2,0,0,9,0.0,24,22:41,0,1,13,7,65.0
62,2017-03-13,62,29-218,PIT,@,CGY,L-SO,1,1,2,2,0,1,0,0,0,1,0,0,4,25.0,29,26:11,0,1,17,10,63.0
63,2017-03-15,63,29-220,PIT,@,PHI,L,0,0,0,-2,2,0,0,0,0,0,0,0,2,0.0,21,20:59,3,1,8,11,42.1
64,2017-03-17,64,29-222,PIT,,NJD,W,2,1,3,1,0,1,1,0,0,1,0,0,4,50.0,25,21:46,2,0,14,13,51.9
65,2017-03-19,65,29-224,PIT,,FLA,W,3,0,3,3,0,3,0,0,0,0,0,0,6,50.0,18,16:53,0,0,7,10,41.2
66,2017-03-21,66,29-226,PIT,@,BUF,W,1,0,1,0,0,0,1,0,0,0,0,0,3,33.3,29,22:31,0,0,8,15,34.8
67,2017-03-23,67,29-228,PIT,@,OTT,L-SO,0,0,0,0,0,0,0,0,0,0,0,0,3,0.0,31,24:21,1,0,7,19,26.9
68,2017-03-24,68,29-229,PIT,,NYI,L-SO,1,0,1,1,0,1,0,0,0,0,0,0,4,25.0,26,20:29,1,0,15,9,62.5
69,2017-03-26,69,29-231,PIT,,PHI,L,0,0,0,-2,0,0,0,0,0,0,0,0,4,0.0,28,21:41,1,0,9,11,45.0
70,2017-03-29,70,29-234,PIT,,CHI,L,0,0,0,-1,0,0,0,0,0,0,0,0,4,0.0,22,18:28,1,0,12,10,54.5
71,2017-03-31,71,29-236,PIT,@,NYR,W,1,1,2,1,0,1,0,0,0,1,0,0,4,25.0,25,21:00,0,1,14,14,50.0
72,2017-04-02,72,29-238,PIT,,CAR,W,0,0,0,-1,0,0,0,0,0,0,0,0,1,0.0,24,19:01,0,0,9,12,42.9
73,2017-04-04,73,29-240,PIT,,CBJ,W,0,2,2,1,0,0,0,0,0,2,0,0,2,0.0,22,17:41,2,1,5,12,29.4
74,2017-04-06,74,29-242,PIT,@,NJD,W,0,2,2,-1,0,0,0,0,0,1,1,0,1,0.0,22,17:13,1,0,11,14,44.0
75,2017-04-08,75,29-244,PIT,@,TOR,L,1,0,1,0,0,0,1,0,0,0,0,0,2,50.0,19,16:16,0,3,11,11,50.0
1,2015-10-08,1,28-062,PIT,@,DAL,L,0,0,0,0,0,0,0,0,0,0,0,0,0,,28,22:04,1,2,16,14,53.3
2,2015-10-10,2,28-064,PIT,@,ARI,L,0,0,0,1,0,0,0,0,0,0,0,0,0,,25,20:53,1,0,10,13,43.5
3,2015-10-13,3,28-067,PIT,,MTL,L,0,0,0,-1,0,0,0,0,0,0,0,0,4,0.0,23,20:19,5,0,9,7,56.3
4,2015-10-15,4,28-069,PIT,,OTT,W,0,0,0,0,0,0,0,0,0,0,0,0,3,0.0,22,19:22,0,1,11,6,64.7
5,2015-10-17,5,28-071,PIT,,TOR,W,0,0,0,0,0,0,0,0,0,0,0,0,1,0.0,27,20:27,1,0,12,13,48.0
6,2015-10-20,6,28-074,PIT,,FLA,W,1,2,3,0,0,0,1,0,0,1,1,0,9,11.1,30,21:55,0,0,16,12,57.1
7,2015-10-22,7,28-076,PIT,,DAL,L,0,0,0,-1,0,0,0,0,0,0,0,0,3,0.0,25,22:51,2,0,14,11,56.0
8,2015-10-24,8,28-078,PIT,@,NSH,W,0,0,0,0,0,0,0,0,0,0,0,0,3,0.0,28,23:36,2,1,12,13,48.0
9,2015-10-28,9,28-082,PIT,@,WSH,W,0,0,0,0,0,0,0,0,0,0,0,0,4,0.0,24,18:21,0,0,18,8,69.2
10,2015-10-29,10,28-083,PIT,,BUF,W,0,2,2,1,0,0,0,0,0,2,0,0,3,0.0,22,18:45,1,1,9,9,50.0
11,2015-10-31,11,28-085,PIT,@,TOR,W,0,0,0,1,0,0,0,0,0,0,0,0,0,,24,18:54,1,0,11,5,68.8
12,2015-11-04,12,28-089,PIT,@,VAN,W,1,0,1,-2,0,0,1,0,0,0,0,0,3,33.3,23,19:43,1,1,13,7,65.0
13,2015-11-06,13,28-091,PIT,@,EDM,W,0,1,1,-1,0,0,0,0,0,0,1,0,4,0.0,24,20:36,2,0,5,10,33.3
14,2015-11-07,14,28-092,PIT,@,CGY,L,0,0,0,-4,2,0,0,0,0,0,0,0,2,0.0,28,21:00,0,0,12,12,50.0
15,2015-11-11,15,28-096,PIT,,MTL,W,0,2,2,0,2,0,0,0,0,2,0,0,2,0.0,26,21:54,1,1,12,14,46.2
16,2015-11-13,16,28-098,PIT,,CBJ,L,0,0,0,0,0,0,0,0,0,0,0,0,1,0.0,28,23:01,0,0,13,15,46.4
17,2015-11-14,17,28-099,PIT,@,NJD,L,0,0,0,-2,0,0,0,0,0,0,0,0,3,0.0,25,17:19,0,0,6,9,40.0
18,2015-11-17,18,28-102,PIT,,MIN,W,0,0,0,0,0,0,0,0,0,0,0,0,3,0.0,26,19:54,4,1,13,14,48.1
19,2015-11-19,19,28-104,PIT,,COL,W,1,0,1,1,0,1,0,0,1,0,0,0,3,33.3,26,19:08,0,0,11,10,52.4
20,2015-11-21,20,28-106,PIT,,SJS,L,0,1,1,-2,0,0,0,0,0,0,1,0,1,0.0,27,22:38,0,0,18,13,58.1
21,2015-11-25,21,28-110,PIT,,STL,W,2,0,2,1,0,1,1,0,0,0,0,0,9,22.2,27,18:38,2,2,13,12,52.0
22,2015-11-27,22,28-112,PIT,@,CBJ,L-OT,0,1,1,-2,0,0,0,0,0,0,1,0,2,0.0,25,19:40,0,1,9,11,45.0
23,2015-11-28,23,28-113,PIT,,EDM,L-SO,0,1,1,0,2,0,0,0,0,0,1,0,2,0.0,25,18:47,0,0,20,14,58.8
24,2015-12-01,24,28-116,PIT,@,SJS,W,0,0,0,0,2,0,0,0,0,0,0,0,1,0.0,24,17:48,1,2,10,7,58.8
25,2015-12-05,25,28-120,PIT,@,LAK,L,1,1,2,1,0,1,0,0,0,1,0,0,4,25.0,25,17:07,0,0,10,10,50.0
26,2015-12-06,26,28-121,PIT,@,ANA,L,0,1,1,0,0,0,0,0,0,1,0,0,3,0.0,27,20:45,3,1,9,5,64.3
27,2015-12-09,27,28-124,PIT,@,COL,W,0,1,1,2,0,0,0,0,0,1,0,0,2,0.0,27,17:43,1,0,12,7,63.2
28,2015-12-11,28,28-126,PIT,,LAK,L-SO,0,0,0,1,0,0,0,0,0,0,0,0,4,0.0,28,21:15,1,0,16,14,53.3
29,2015-12-14,29,28-129,PIT,,WSH,L,0,0,0,-1,0,0,0,0,0,0,0,0,4,0.0,28,20:25,3,0,12,12,50.0
30,2015-12-16,30,28-131,PIT,@,BOS,L,0,0,0,0,2,0,0,0,0,0,0,0,3,0.0,29,18:47,5,0,12,14,46.2
31,2015-12-18,31,28-133,PIT,,BOS,L,0,2,2,1,4,0,0,0,0,2,0,0,2,0.0,26,17:29,1,0,16,11,59.3
32,2015-12-19,32,28-134,PIT,,CAR,L,0,1,1,0,2,0,0,0,0,0,1,0,5,0.0,22,19:17,2,0,7,7,50.0
33,2015-12-26,33,28-141,PIT,@,MIN,W,1,1,2,1,2,1,0,0,0,0,1,0,3,33.3,26,17:18,0,0,12,6,66.7
34,2015-12-27,34,28-142,PIT,@,WPG,L,0,0,0,0,0,0,0,0,0,0,0,0,4,0.0,25,19:22,0,1,13,8,61.9
35,2015-12-30,35,28-145,PIT,,TOR,L-SO,1,1,2,1,2,1,0,0,0,0,1,0,2,50.0,29,22:42,0,1,11,10,52.4
36,2015-12-31,36,28-146,PIT,@,DET,W,1,0,1,1,0,1,0,0,1,0,0,0,4,25.0,26,17:34,2,0,15,10,60.0
37,2016-01-02,37,28-148,PIT,,NYI,W,2,0,2,0,0,0,2,0,1,0,0,0,7,28.6,25,17:40,1,0,11,15,42.3
38,2016-01-05,38,28-151,PIT,,CHI,L-OT,1,1,2,1,0,1,0,0,0,1,0,0,2,50.0,27,21:03,1,0,8,10,44.4
39,2016-01-06,39,28-152,PIT,@,CHI,L,0,0,0,-2,0,0,0,0,0,0,0,0,2,0.0,26,20:17,2,0,14,12,53.8
40,2016-01-09,40,28-155,PIT,@,MTL,W,0,0,0,-1,2,0,0,0,0,0,0,0,2,0.0,26,19:28,0,0,9,14,39.1
41,2016-01-12,41,28-158,PIT,@,CAR,L-OT,0,2,2,0,0,0,0,0,0,2,0,0,3,0.0,27,18:35,1,0,8,10,44.4
42,2016-01-15,42,28-161,PIT,@,TBL,L-OT,0,1,1,2,0,0,0,0,0,1,0,0,3,0.0,27,22:28,0,0,18,7,72.0
43,2016-01-17,43,28-163,PIT,,CAR,W,2,0,2,2,0,1,1,0,0,0,0,0,3,66.7,20,17:58,0,0,9,15,37.5
44,2016-01-18,44,28-164,PIT,@,STL,L,0,1,1,-2,0,0,0,0,0,1,0,0,3,0.0,24,21:52,1,1,10,13,43.5
45,2016-01-21,45,28-167,PIT,,PHI,W,1,1,2,1,2,1,0,0,0,0,1,0,5,20.0,28,20:26,0,0,9,19,32.1
46,2016-01-23,46,28-169,PIT,,VAN,W,1,0,1,-3,0,1,0,0,1,0,0,0,3,33.3,27,20:31,1,0,11,13,45.8
47,2016-01-26,47,28-172,PIT,,NJD,W,1,0,1,0,2,0,1,0,1,0,0,0,2,50.0,26,19:01,0,0,14,9,60.9
48,2016-02-02,48,28-179,PIT,,OTT,W,3,1,4,2,0,1,2,0,1,1,0,0,8,37.5,27,21:33,0,0,13,13,50.0
49,2016-02-05,49,28-182,PIT,@,TBL,L,1,0,1,1,0,1,0,0,0,0,0,0,3,33.3,26,20:20,1,0,17,12,58.6
50,2016-02-06,50,28-183,PIT,@,FLA,W,1,2,3,2,2,1,0,0,0,1,1,0,6,16.7,32,23:40,4,1,23,15,60.5
51,2016-02-08,51,28-185,PIT,,ANA,W,2,2,4,4,0,2,0,0,0,2,0,0,3,66.7,27,17:33,2,1,15,15,50.0
52,2016-02-10,52,28-187,PIT,,NYR,L,0,0,0,-3,0,0,0,0,0,0,0,0,0,,28,19:48,1,0,11,10,52.4
53,2016-02-12,53,28-189,PIT,@,CAR,W,0,0,0,-1,0,0,0,0,0,0,0,0,3,0.0,34,23:38,3,1,15,17,46.9
54,2016-02-15,54,28-192,PIT,@,FLA,L-SO,0,0,0,1,0,0,0,0,0,0,0,0,2,0.0,35,26:57,3,0,11,19,36.7
55,2016-02-18,55,28-195,PIT,,DET,W,1,1,2,2,0,1,0,0,0,1,0,0,2,50.0,28,18:52,1,0,11,11,50.0
56,2016-02-20,56,28-197,PIT,,TBL,L,0,0,0,-1,4,0,0,0,0,0,0,0,1,0.0,28,23:34,0,1,17,12,58.6
57,2016-02-21,57,28-198,PIT,@,BUF,W,0,1,1,1,0,0,0,0,0,1,0,0,1,0.0,28,20:23,1,1,20,14,58.8
58,2016-02-24,58,28-201,PIT,@,BOS,L,0,0,0,-1,0,0,0,0,0,0,0,0,3,0.0,29,20:31,1,0,13,12,52.0
59,2016-02-27,59,28-204,PIT,,WPG,W,0,0,0,1,0,0,0,0,0,0,0,0,2,0.0,22,18:47,1,0,9,8,52.9
60,2016-02-29,60,28-206,PIT,,ARI,W,0,3,3,4,0,0,0,0,0,3,0,0,1,0.0,22,18:13,0,1,14,9,60.9
61,2016-03-01,61,28-207,PIT,@,WSH,L,0,1,1,1,0,0,0,0,0,1,0,0,0,,26,20:17,3,1,9,11,45.0
62,2016-03-03,62,28-209,PIT,,NYR,W,1,0,1,0,2,1,0,0,0,0,0,0,2,50.0,26,21:00,1,0,12,10,54.5
63,2016-03-05,63,28-211,PIT,,CGY,L,2,0,2,2,0,2,0,0,0,0,0,0,6,33.3,26,21:36,1,1,16,13,55.2
64,2016-03-06,64,28-212,PIT,@,NJD,W,0,2,2,0,0,0,0,0,0,1,1,0,3,0.0,27,18:05,0,0,8,11,42.1
65,2016-03-08,65,28-214,PIT,@,NYI,L,0,1,1,1,0,0,0,0,0,1,0,0,1,0.0,25,23:15,1,2,9,12,42.9
66,2016-03-11,66,28-217,PIT,@,CBJ,W,0,1,1,0,2,0,0,0,0,1,0,0,1,0.0,29,22:15,1,0,8,10,44.4
67,2016-03-13,67,28-219,PIT,@,NYR,W,1,1,2,-1,0,1,0,0,0,0,1,0,8,12.5,30,21:23,0,2,11,9,55.0
68,2016-03-15,68,28-221,PIT,,NYI,W,0,1,1,1,2,0,0,0,0,1,0,0,5,0.0,30,24:02,6,1,13,11,54.2
69,2016-03-17,69,28-223,PIT,,CAR,W,2,0,2,1,0,2,0,0,1,0,0,0,5,40.0,32,21:26,0,0,14,10,58.3
70,2016-03-19,70,28-225,PIT,@,PHI,W,0,2,2,2,0,0,0,0,0,2,0,0,3,0.0,27,19:56,0,1,11,12,47.8
71,2016-03-20,71,28-226,PIT,,WSH,W,0,2,2,1,0,0,0,0,0,2,0,0,2,0.0,22,20:06,5,0,11,16,40.7
72,2016-03-24,72,28-230,PIT,,NJD,L,0,0,0,-1,0,0,0,0,0,0,0,0,4,0.0,24,23:59,1,0,17,7,70.8
73,2016-03-26,73,28-232,PIT,@,DET,W,0,1,1,1,0,0,0,0,0,1,0,0,5,0.0,27,18:51,1,0,10,13,43.5
74,2016-03-27,74,28-233,PIT,@,NYR,W,1,0,1,1,0,1,0,0,1,0,0,0,4,25.0,30,23:05,0,0,14,16,46.7
75,2016-03-29,75,28-235,PIT,,BUF,W,0,1,1,1,0,0,0,0,0,1,0,0,4,0.0,28,23:15,2,0,15,14,51.7
76,2016-03-31,76,28-237,PIT,,NSH,W,0,1,1,0,2,0,0,0,0,0,1,0,4,0.0,22,20:37,0,0,15,9,62.5
77,2016-04-02,77,28-239,PIT,@,NYI,W,0,1,1,0,2,0,0,0,0,0,1,0,1,0.0,25,20:01,0,2,7,20,25.9
78,2016-04-03,78,28-240,PIT,,PHI,W,1,0,1,1,0,0,1,0,0,0,0,0,5,20.0,25,18:58,0,0,13,12,52.0
79,2016-04-05,79,28-242,PIT,@,OTT,W,2,0,2,0,0,2,0,0,0,0,0,0,3,66.7,25,22:12,0,0,11,16,40.7
80,2016-04-07,80,28-244,PIT,@,WSH,W,1,0,1,1,0,1,0,0,1,0,0,0,6,16.7,29,22:49,0,2,14,12,53.8
1,2014-10-09,1,27-063,PIT,,ANA,W,2,1,3,2,0,1,1,0,0,1,0,0,5,40.0,25,20:19,1,0,10,14,41.7
2,2014-10-11,2,27-065,PIT,@,TOR,W,1,2,3,0,0,0,1,0,0,0,2,0,4,25.0,22,16:38,0,0,9,10,47.4
3,2014-10-16,3,27-070,PIT,,DAL,L,1,0,1,-1,2,0,1,0,0,0,0,0,2,50.0,25,20:22,0,0,9,11,45.0
4,2014-10-18,4,27-072,PIT,,NYI,W,0,2,2,0,2,0,0,0,0,1,1,0,3,0.0,23,20:03,0,0,11,12,47.8
5,2014-10-22,5,27-076,PIT,,PHI,L,0,0,0,-2,0,0,0,0,0,0,0,0,3,0.0,23,19:05,2,1,8,12,40.0
6,2014-10-23,6,27-077,PIT,@,DET,L-OT,0,0,0,0,2,0,0,0,0,0,0,0,5,0.0,26,19:34,1,0,10,9,52.6
7,2014-10-25,7,27-079,PIT,@,NSH,W,1,2,3,1,0,1,0,0,1,0,2,0,2,50.0,23,19:38,3,1,5,4,55.6
8,2014-10-28,8,27-082,PIT,,NJD,W,2,0,2,2,0,2,0,0,0,0,0,0,6,33.3,23,20:54,0,0,12,4,75.0
9,2014-10-30,9,27-084,PIT,,LAK,W,0,1,1,1,0,0,0,0,0,1,0,0,2,0.0,21,18:04,1,0,12,8,60.0
10,2014-11-01,10,27-086,PIT,,BUF,W,0,3,3,1,2,0,0,0,0,1,2,0,3,0.0,20,15:27,1,1,6,10,37.5
11,2014-11-04,11,27-089,PIT,@,MIN,W,0,1,1,0,0,0,0,0,0,1,0,0,2,0.0,23,16:26,0,0,12,8,60.0
12,2014-11-06,12,27-091,PIT,@,WPG,W,0,0,0,-1,0,0,0,0,0,0,0,0,5,0.0,26,21:10,0,0,10,12,45.5
13,2014-11-08,13,27-093,PIT,@,BUF,W,0,5,5,3,0,0,0,0,0,3,2,0,2,0.0,19,15:52,0,0,3,5,37.5
14,2014-11-11,14,27-096,PIT,@,NYR,L,0,0,0,-2,2,0,0,0,0,0,0,0,1,0.0,25,18:20,1,0,8,12,40.0
15,2014-11-14,15,27-099,PIT,@,TOR,W,0,1,1,0,0,0,0,0,0,1,0,0,5,0.0,24,18:48,4,0,13,8,61.9
16,2014-11-15,16,27-100,PIT,,NYR,W,0,0,0,-1,0,0,0,0,0,0,0,0,4,0.0,27,23:50,1,1,12,12,50.0
17,2014-11-18,17,27-103,PIT,@,MTL,W,1,0,1,0,0,0,1,0,0,0,0,0,4,25.0,23,16:14,0,1,7,14,33.3
18,2014-11-21,18,27-106,PIT,,NYI,L-SO,0,0,0,1,0,0,0,0,0,0,0,0,0,,28,20:48,2,1,12,9,57.1
19,2014-11-22,19,27-107,PIT,@,NYI,L,0,0,0,0,0,0,0,0,0,0,0,0,1,0.0,24,17:14,0,1,8,12,40.0
20,2014-11-24,20,27-109,PIT,@,BOS,W,1,2,3,2,0,1,0,0,0,1,1,0,3,33.3,26,23:31,0,0,13,8,61.9
21,2014-11-26,21,27-111,PIT,,TOR,W,0,2,2,-1,0,0,0,0,0,1,1,0,3,0.0,26,22:16,2,1,17,12,58.6
22,2014-11-28,22,27-113,PIT,,CAR,L,0,2,2,1,12,0,0,0,0,2,0,0,3,0.0,27,21:26,1,0,13,10,56.5
23,2014-11-29,23,27-114,PIT,@,CAR,W,0,0,0,0,2,0,0,0,0,0,0,0,2,0.0,27,20:29,0,0,11,16,40.7
24,2014-12-02,24,27-117,PIT,,NJD,W,0,0,0,0,0,0,0,0,0,0,0,0,1,0.0,25,21:22,0,0,14,7,66.7
25,2014-12-04,25,27-119,PIT,,VAN,L,0,0,0,0,0,0,0,0,0,0,0,0,1,0.0,21,20:24,2,1,7,13,35.0
26,2014-12-06,26,27-121,PIT,,OTT,W,0,1,1,2,0,0,0,0,0,1,0,0,4,0.0,27,22:13,1,1,6,10,37.5
27,2014-12-08,27,27-123,PIT,@,NYR,L-OT,0,1,1,1,2,0,0,0,0,1,0,0,2,0.0,27,18:56,2,0,10,9,52.6
28,2014-12-18,28,27-133,PIT,,COL,W,0,0,0,0,0,0,0,0,0,0,0,0,3,0.0,24,20:19,0,0,13,9,59.1
29,2014-12-20,29,27-135,PIT,,FLA,W,1,0,1,1,0,1,0,0,0,0,0,0,7,14.3,21,20:15,1,0,15,14,51.7
30,2014-12-22,30,27-137,PIT,@,FLA,L-SO,0,1,1,2,0,0,0,0,0,1,0,0,3,0.0,33,24:47,1,0,12,13,48.0
31,2014-12-23,31,27-138,PIT,@,TBL,L,0,0,0,0,0,0,0,0,0,0,0,0,5,0.0,25,19:57,1,1,10,13,43.5
32,2014-12-27,32,27-142,PIT,,WSH,L,0,0,0,-3,0,0,0,0,0,0,0,0,3,0.0,26,23:14,1,0,7,11,38.9
33,2014-12-29,33,27-144,PIT,@,NJD,L,1,0,1,0,0,1,0,0,0,0,0,0,2,50.0,25,23:04,1,1,6,8,42.9
34,2014-12-31,34,27-146,PIT,,CAR,W,0,0,0,0,0,0,0,0,0,0,0,0,1,0.0,24,19:47,1,2,11,9,55.0
35,2015-01-02,35,27-148,PIT,,TBL,W,0,4,4,3,0,0,0,0,0,3,1,0,2,0.0,26,19:55,2,0,14,0,100.0
36,2015-01-03,36,27-149,PIT,,MTL,L,0,1,1,0,2,0,0,0,0,1,0,0,3,0.0,24,18:38,1,1,9,14,39.1
37,2015-01-07,37,27-153,PIT,,BOS,L-OT,0,0,0,-2,0,0,0,0,0,0,0,0,3,0.0,28,22:10,0,0,13,10,56.5
38,2015-01-10,38,27-156,PIT,@,MTL,W,1,0,1,-1,0,0,1,0,1,0,0,0,4,25.0,27,20:22,2,2,13,11,54.2
39,2015-01-13,39,27-159,PIT,,MIN,W,0,3,3,1,0,0,0,0,0,3,0,0,3,0.0,24,18:34,0,1,10,10,50.0
40,2015-01-16,40,27-162,PIT,@,NYI,L,2,1,3,-2,0,1,1,0,0,0,1,0,5,40.0,25,19:32,0,1,8,11,42.1
41,2015-01-18,41,27-164,PIT,,NYR,L,1,0,1,0,0,0,1,0,0,0,0,0,5,20.0,23,17:43,2,0,8,12,40.0
42,2015-01-20,42,27-166,PIT,@,PHI,L-OT,0,0,0,0,0,0,0,0,0,0,0,0,3,0.0,26,22:40,0,0,12,10,54.5
43,2015-01-21,43,27-167,PIT,,CHI,L-SO,0,0,0,-1,0,0,0,0,0,0,0,0,4,0.0,28,23:06,3,0,9,8,52.9
44,2015-01-28,44,27-174,PIT,@,WSH,L,0,0,0,-1,0,0,0,0,0,0,0,0,3,0.0,24,19:42,0,0,7,17,29.2
45,2015-01-30,45,27-176,PIT,@,NJD,W,0,1,1,0,0,0,0,0,0,0,1,0,5,0.0,26,21:17,1,0,8,9,47.1
46,2015-02-01,46,27-178,PIT,,NSH,L,0,0,0,-1,2,0,0,0,0,0,0,0,2,0.0,22,17:53,3,0,5,10,33.3
47,2015-02-04,47,27-181,PIT,@,EDM,W,0,1,1,1,0,0,0,0,0,1,0,0,2,0.0,24,18:04,1,0,10,5,66.7
48,2015-02-06,48,27-183,PIT,@,CGY,W,2,1,3,3,0,2,0,0,0,1,0,0,3,66.7,24,17:17,0,1,6,4,60.0
49,2015-02-07,49,27-184,PIT,@,VAN,L,0,0,0,-1,2,0,0,0,0,0,0,0,1,0.0,25,18:55,1,1,15,9,62.5
50,2015-02-11,50,27-188,PIT,,DET,W,0,0,0,0,0,0,0,0,0,0,0,0,2,0.0,22,18:01,1,1,7,7,50.0
51,2015-02-12,51,27-189,PIT,@,OTT,W,2,0,2,1,2,2,0,0,0,0,0,0,5,40.0,25,18:50,0,0,8,15,34.8
52,2015-02-15,52,27-192,PIT,@,CHI,L-SO,0,0,0,-1,2,0,0,0,0,0,0,0,4,0.0,27,20:42,0,0,13,11,54.2
53,2015-02-17,53,27-194,PIT,,WSH,L,0,0,0,-1,0,0,0,0,0,0,0,0,2,0.0,26,20:30,2,1,10,10,50.0
54,2015-02-19,54,27-196,PIT,,CBJ,L,0,0,0,-1,5,0,0,0,0,0,0,0,2,0.0,24,17:50,1,1,6,8,42.9
55,2015-02-21,55,27-198,PIT,@,STL,W,0,1,1,-2,0,0,0,0,0,0,1,0,5,0.0,24,20:59,2,1,8,12,40.0
56,2015-02-22,56,27-199,PIT,,FLA,W,0,2,2,2,0,0,0,0,0,1,1,0,1,0.0,22,17:21,1,0,11,7,61.1
57,2015-02-25,57,27-202,PIT,@,WSH,W,1,0,1,0,2,0,1,0,0,0,0,0,2,50.0,24,20:05,0,0,10,8,55.6
58,2015-03-01,58,27-206,PIT,,CBJ,W,0,2,2,-2,0,0,0,0,0,0,2,0,3,0.0,27,19:32,0,0,18,12,60.0
59,2015-03-04,59,27-209,PIT,@,COL,L,0,0,0,-1,0,0,0,0,0,0,0,0,0,,23,19:19,0,0,7,13,35.0
60,2015-03-06,60,27-211,PIT,@,ANA,W,1,1,2,2,0,1,0,0,0,1,0,0,2,50.0,27,19:21,0,1,14,12,53.8
61,2015-03-07,61,27-212,PIT,@,LAK,W,0,0,0,0,0,0,0,0,0,0,0,0,2,0.0,23,19:59,0,1,11,7,61.1
62,2015-03-09,62,27-214,PIT,@,SJS,L-SO,1,0,1,1,0,1,0,0,0,0,0,0,5,20.0,26,20:42,1,0,12,11,52.2
63,2015-03-12,63,27-217,PIT,,EDM,W,1,2,3,2,0,0,1,0,0,2,0,0,4,25.0,23,16:01,2,1,10,6,62.5
64,2015-03-15,64,27-220,PIT,,DET,L,0,1,1,0,0,0,0,0,0,1,0,0,6,0.0,24,22:02,0,0,17,9,65.4
65,2015-03-17,65,27-222,PIT,@,NJD,L,0,0,0,-1,0,0,0,0,0,0,0,0,4,0.0,25,19:03,0,0,6,9,40.0
66,2015-03-19,66,27-224,PIT,@,DAL,L,0,1,1,-1,0,0,0,0,0,0,1,0,0,,26,20:57,0,0,9,15,37.5
67,2015-03-21,67,27-226,PIT,@,ARI,W,1,1,2,1,0,1,0,0,0,1,0,0,3,33.3,26,24:20,1,0,15,15,50.0
68,2015-03-24,68,27-229,PIT,,STL,L-OT,0,0,0,-1,0,0,0,0,0,0,0,0,2,0.0,30,25:28,2,0,11,16,40.7
69,2015-03-26,69,27-231,PIT,@,CAR,L,0,1,1,0,0,0,0,0,0,1,0,0,2,0.0,28,21:26,0,0,12,15,44.4
70,2015-03-28,70,27-233,PIT,,ARI,W,1,2,3,1,0,0,1,0,1,1,1,0,6,16.7,26,19:57,0,0,13,16,44.8
71,2015-03-29,71,27-234,PIT,,SJS,W,0,1,1,1,2,0,0,0,0,0,1,0,3,0.0,29,19:16,0,1,10,13,43.5
72,2015-04-01,72,27-237,PIT,,PHI,L,1,0,1,1,0,1,0,0,0,0,0,0,5,20.0,22,19:00,0,0,9,5,64.3
73,2015-04-04,73,27-240,PIT,@,CBJ,L,1,0,1,-2,0,1,0,0,0,0,0,0,3,33.3,26,20:25,1,0,9,13,40.9
74,2015-04-05,74,27-241,PIT,@,PHI,L,0,0,0,0,0,0,0,0,0,0,0,0,4,0.0,28,19:58,3,0,13,9,59.1
75,2015-04-07,75,27-243,PIT,@,OTT,L-OT,1,1,2,-1,0,1,0,0,0,1,0,0,6,16.7,29,21:52,1,0,14,12,53.8
76,2015-04-10,76,27-246,PIT,,NYI,L,0,1,1,-1,0,0,0,0,0,1,0,0,2,0.0,26,20:45,0,0,13,7,65.0
77,2015-04-11,77,27-247,PIT,@,BUF,W,0,0,0,0,2,0,0,0,0,0,0,0,2,0.0,26,17:30,1,0,12,8,60.0
1,2013-10-03,1,26-057,PIT,,NJD,W,1,0,1,1,0,1,0,0,0,,,,4,25.0,26,21:13,1,1,15,7,68.2
2,2013-10-05,2,26-059,PIT,,BUF,W,1,0,1,0,2,1,0,0,0,,,,4,25.0,22,20:51,1,0,24,17,58.5
3,2013-10-08,3,26-062,PIT,,CAR,W,0,2,2,1,0,0,0,0,0,,,,4,0.0,21,19:28,0,1,8,8,50.0
4,2013-10-11,4,26-065,PIT,@,FLA,L,0,1,1,-2,2,0,0,0,0,,,,4,0.0,25,22:24,0,0,14,11,56.0
5,2013-10-12,5,26-066,PIT,@,TBL,W,3,1,4,1,0,1,2,0,0,,,,4,75.0,25,22:09,0,0,14,16,46.7
6,2013-10-15,6,26-069,PIT,,EDM,W,0,3,3,0,0,0,0,0,0,,,,5,0.0,21,22:49,1,2,10,10,50.0
7,2013-10-17,7,26-071,PIT,@,PHI,W,1,1,2,3,0,1,0,0,0,,,,3,33.3,28,22:41,0,0,12,21,36.4
8,2013-10-19,8,26-073,PIT,,VAN,W,1,2,3,0,0,1,0,0,0,,,,2,50.0,28,25:24,0,0,14,14,50.0
9,2013-10-21,9,26-075,PIT,,COL,L,0,0,0,-1,0,0,0,0,0,,,,7,0.0,24,26:40,0,0,17,11,60.7
10,2013-10-25,10,26-079,PIT,,NYI,L,1,0,1,1,0,1,0,0,0,,,,7,14.3,24,24:10,1,1,18,8,69.2
11,2013-10-26,11,26-080,PIT,@,TOR,L,0,0,0,-2,2,0,0,0,0,,,,3,0.0,24,23:33,2,1,12,18,40.0
12,2013-10-28,12,26-082,PIT,@,CAR,W,0,2,2,3,0,0,0,0,0,,,,1,0.0,27,23:05,1,1,16,11,59.3
13,2013-10-30,13,26-084,PIT,,BOS,W,0,1,1,-1,2,0,0,0,0,,,,4,0.0,23,22:56,3,0,12,13,48.0
14,2013-11-01,14,26-086,PIT,,CBJ,W,0,1,1,-1,0,0,0,0,0,,,,1,0.0,21,20:47,0,0,12,8,60.0
15,2013-11-02,15,26-087,PIT,@,CBJ,W,0,1,1,2,0,0,0,0,0,,,,3,0.0,23,21:19,0,1,15,7,68.2
16,2013-11-06,16,26-091,PIT,@,NYR,L,0,0,0,-1,0,0,0,0,0,,,,4,0.0,23,22:41,0,0,11,11,50.0
17,2013-11-09,17,26-094,PIT,@,STL,L,0,0,0,0,2,0,0,0,0,,,,2,0.0,25,22:35,1,0,13,9,59.1
18,2013-11-13,18,26-098,PIT,,PHI,L,1,0,1,0,0,0,1,0,0,,,,6,16.7,23,26:44,0,0,11,16,40.7
19,2013-11-15,19,26-100,PIT,,NSH,W,0,1,1,0,0,0,0,0,0,,,,2,0.0,21,19:47,2,0,10,4,71.4
20,2013-11-16,20,26-101,PIT,@,NJD,L,0,0,0,-1,4,0,0,0,0,,,,3,0.0,21,23:38,1,0,20,6,76.9
21,2013-11-18,21,26-103,PIT,,ANA,W,1,0,1,0,0,1,0,0,0,,,,3,33.3,24,20:54,0,1,10,10,50.0
22,2013-11-20,22,26-105,PIT,@,WSH,W,1,1,2,1,0,0,1,0,0,,,,5,20.0,22,20:11,0,1,9,12,42.9
23,2013-11-22,23,26-107,PIT,,NYI,W,1,1,2,0,0,1,0,0,1,,,,2,50.0,24,20:50,1,0,13,14,48.1
24,2013-11-23,24,26-108,PIT,@,MTL,L,0,0,0,-1,0,0,0,0,0,,,,4,0.0,24,23:32,1,1,6,21,22.2
25,2013-11-25,25,26-110,PIT,@,BOS,L-OT,1,0,1,-1,0,1,0,0,0,,,,4,25.0,27,23:57,0,0,11,14,44.0
26,2013-11-27,26,26-112,PIT,,TOR,W,0,2,2,-2,2,0,0,0,0,,,,5,0.0,28,24:14,1,1,19,10,65.5
27,2013-11-29,27,26-114,PIT,@,TBL,W,0,3,3,2,0,0,0,0,0,,,,1,0.0,23,20:30,0,0,6,11,35.3
28,2013-11-30,28,26-115,PIT,@,FLA,W,0,0,0,0,2,0,0,0,0,,,,1,0.0,21,18:20,2,0,11,11,50.0
29,2013-12-03,29,26-118,PIT,@,NYI,W,2,0,2,-1,0,1,1,0,1,,,,5,40.0,27,26:48,0,0,9,17,34.6
30,2013-12-05,30,26-120,PIT,,SJS,W,0,3,3,3,0,0,0,0,0,,,,2,0.0,21,16:46,0,0,8,11,42.1
31,2013-12-07,31,26-122,PIT,@,BOS,L,0,1,1,-2,0,0,0,0,0,,,,1,0.0,24,22:44,0,0,10,17,37.0
32,2013-12-09,32,26-124,PIT,,CBJ,W,1,0,1,0,0,1,0,0,1,,,,5,20.0,23,22:37,0,0,8,8,50.0
33,2013-12-13,33,26-128,PIT,,NJD,W,0,1,1,0,0,0,0,0,0,,,,1,0.0,22,21:19,0,2,8,10,44.4
34,2013-12-14,34,26-129,PIT,@,DET,W,2,0,2,1,0,1,1,0,0,,,,3,66.7,21,18:42,0,0,11,8,57.9
35,2013-12-16,35,26-131,PIT,,TOR,W,1,0,1,1,2,1,0,0,1,,,,2,50.0,29,22:07,0,1,17,14,54.8
36,2013-12-18,36,26-133,PIT,@,NYR,W,0,2,2,1,0,0,0,0,0,,,,4,0.0,26,22:20,0,1,18,12,60.0
37,2013-12-19,37,26-134,PIT,,MIN,W,0,2,2,2,2,0,0,0,0,,,,5,0.0,22,21:15,0,1,8,12,40.0
38,2013-12-21,38,26-136,PIT,,CGY,W,1,2,3,3,2,1,0,0,0,,,,4,25.0,22,21:34,1,0,11,8,57.9
39,2013-12-23,39,26-138,PIT,@,OTT,L,0,0,0,0,0,0,0,0,0,,,,2,0.0,24,23:32,2,0,12,10,54.5
40,2013-12-27,40,26-142,PIT,@,CAR,W,1,0,1,-1,0,1,0,0,0,,,,2,50.0,25,21:59,0,3,14,13,51.9
41,2013-12-29,41,26-144,PIT,@,CBJ,W,1,2,3,2,0,1,0,0,0,,,,4,25.0,25,20:47,0,0,19,12,61.3
42,2013-12-31,42,26-146,PIT,@,NJD,L,0,1,1,0,2,0,0,0,0,,,,2,0.0,24,21:37,1,0,7,12,36.8
43,2014-01-03,43,26-149,PIT,,NYR,W,1,2,3,2,2,1,0,0,0,,,,3,33.3,21,19:39,0,0,12,12,50.0
44,2014-01-05,44,26-151,PIT,,WPG,W,0,1,1,-2,0,0,0,0,0,,,,1,0.0,25,22:33,1,0,12,12,50.0
45,2014-01-07,45,26-153,PIT,@,VAN,W,1,1,2,1,0,1,0,0,0,,,,3,33.3,28,23:27,1,2,15,15,50.0
46,2014-01-10,46,26-156,PIT,@,EDM,L-OT,1,1,2,0,0,1,0,0,0,,,,2,50.0,27,20:47,0,0,14,10,58.3
47,2014-01-11,47,26-157,PIT,@,CGY,W,0,0,0,0,0,0,0,0,0,,,,2,0.0,25,21:21,0,1,13,6,68.4
48,2014-01-15,48,26-161,PIT,,WSH,W,0,1,1,0,0,0,0,0,0,,,,4,0.0,26,24:25,0,0,10,11,47.6
49,2014-01-20,49,26-166,PIT,,FLA,L,0,0,0,-3,4,0,0,0,0,,,,1,0.0,25,22:03,0,0,8,13,38.1
50,2014-01-22,50,26-168,PIT,,MTL,W,1,0,1,0,0,0,1,0,0,,,,6,16.7,23,20:43,0,0,10,14,41.7
51,2014-01-23,51,26-169,PIT,@,NYI,W,1,2,3,2,0,1,0,0,0,,,,4,25.0,23,18:59,0,2,16,6,72.7
52,2014-01-25,52,26-171,PIT,@,DAL,L,0,0,0,0,0,0,0,0,0,,,,4,0.0,25,23:57,0,0,18,12,60.0
53,2014-01-27,53,26-173,PIT,,BUF,W,0,2,2,2,0,0,0,0,0,,,,3,0.0,20,19:54,0,0,10,8,55.6
54,2014-01-30,54,26-176,PIT,@,LAK,W,0,1,1,0,2,0,0,0,0,,,,1,0.0,24,17:53,2,0,12,8,60.0
55,2014-02-01,55,26-178,PIT,@,PHX,L,0,0,0,-1,0,0,0,0,0,,,,2,0.0,25,21:30,0,0,12,10,54.5
56,2014-02-03,56,26-180,PIT,,OTT,W,0,0,0,0,0,0,0,0,0,,,,4,0.0,26,24:16,0,0,13,14,48.1
57,2014-02-05,57,26-182,PIT,@,BUF,W,1,1,2,1,0,0,1,0,1,,,,3,33.3,22,20:21,1,1,11,7,61.1
58,2014-02-07,58,26-184,PIT,,NYR,L-SO,0,1,1,-1,0,0,0,0,0,,,,6,0.0,29,24:31,3,0,19,13,59.4
59,2014-02-27,59,26-204,PIT,,MTL,L-SO,1,1,2,0,2,0,1,0,0,,,,6,16.7,24,25:34,0,0,13,11,54.2
60,2014-03-01,60,26-206,PIT,@,CHI,L,0,0,0,-2,0,0,0,0,0,,,,3,0.0,21,22:02,2,0,16,18,47.1
61,2014-03-04,61,26-209,PIT,@,NSH,W,0,3,3,2,0,0,0,0,0,,,,0,,23,21:56,0,0,12,10,54.5
62,2014-03-06,62,26-211,PIT,@,SJS,L,0,0,0,-5,0,0,0,0,0,,,,1,0.0,27,21:02,0,0,12,8,60.0
63,2014-03-07,63,26-212,PIT,@,ANA,W,0,1,1,0,0,0,0,0,0,,,,1,0.0,27,23:11,0,0,10,13,43.5
64,2014-03-10,64,26-215,PIT,@,WSH,W,1,2,3,2,2,0,1,0,0,,,,1,100.0,21,20:09,0,0,14,5,73.7
65,2014-03-11,65,26-216,PIT,,WSH,W,1,0,1,1,0,1,0,0,0,,,,3,33.3,23,20:30,1,0,15,8,65.2
66,2014-03-15,66,26-220,PIT,@,PHI,L,0,0,0,-3,2,0,0,0,0,,,,2,0.0,23,18:58,2,0,12,13,48.0
67,2014-03-16,67,26-221,PIT,,PHI,L,0,0,0,0,0,0,0,0,0,,,,3,0.0,22,21:59,0,0,13,13,50.0
68,2014-03-18,68,26-223,PIT,,DAL,W,2,1,3,3,0,2,0,0,0,,,,7,28.6,17,16:13,0,0,9,7,56.3
69,2014-03-20,69,26-225,PIT,@,DET,L-OT,0,0,0,0,0,0,0,0,0,,,,4,0.0,24,25:18,1,0,11,15,42.3
70,2014-03-22,70,26-227,PIT,,TBL,W,1,2,3,0,0,0,1,0,0,,,,2,50.0,28,23:11,1,0,18,9,66.7
71,2014-03-23,71,26-228,PIT,,STL,L,0,0,0,0,0,0,0,0,0,,,,5,0.0,24,24:12,1,0,11,12,47.8
72,2014-03-25,72,26-230,PIT,,PHX,L,0,1,1,0,2,0,0,0,0,,,,2,0.0,30,23:23,2,0,12,14,46.2
73,2014-03-27,73,26-232,PIT,,LAK,L,0,1,1,1,0,0,0,0,0,,,,5,0.0,21,25:48,1,1,11,17,39.3
74,2014-03-28,74,26-233,PIT,@,CBJ,W,0,1,1,1,0,0,0,0,0,,,,6,0.0,19,20:26,0,0,4,6,40.0
75,2014-03-30,75,26-235,PIT,,CHI,W,2,0,2,3,0,2,0,0,0,,,,8,25.0,28,20:39,0,0,20,9,69.0
76,2014-04-01,76,26-237,PIT,,CAR,L,0,1,1,1,2,0,0,0,0,,,,3,0.0,21,17:24,1,1,11,6,64.7
77,2014-04-03,77,26-239,PIT,@,WPG,W,0,2,2,1,2,0,0,0,0,,,,2,0.0,20,19:45,0,0,7,8,46.7
78,2014-04-05,78,26-241,PIT,@,MIN,L,0,0,0,-1,0,0,0,0,0,,,,0,,21,19:39,0,0,5,12,29.4
79,2014-04-09,79,26-245,PIT,,DET,W,0,1,1,0,0,0,0,0,0,,,,1,0.0,28,22:22,2,0,13,9,59.1
80,2014-04-12,80,26-248,PIT,,PHI,L-OT,0,1,1,2,0,0,0,0,0,,,,5,0.0,28,26:18,2,0,14,9,60.9
1,2013-01-19,1,25-165,PIT,@,PHI,W,0,0,0,-1,0,0,0,0,0,,,,3,0.0,24,19:00,0,0,13,7,65.0
2,2013-01-20,2,25-166,PIT,@,NYR,W,0,1,1,1,0,0,0,0,0,,,,5,0.0,20,18:05,2,0,6,15,28.6
3,2013-01-23,3,25-169,PIT,,TOR,L,1,1,2,1,2,1,0,0,0,,,,5,20.0,26,24:07,0,1,17,11,60.7
4,2013-01-25,4,25-171,PIT,@,WPG,L,2,0,2,0,0,2,0,0,0,,,,3,66.7,22,21:38,4,2,8,6,57.1
5,2013-01-27,5,25-173,PIT,@,OTT,W,0,0,0,0,0,0,0,0,0,,,,3,0.0,27,24:25,0,2,16,15,51.6
6,2013-01-29,6,25-175,PIT,,NYI,L,0,1,1,0,0,0,0,0,0,,,,4,0.0,22,21:00,0,0,14,12,53.8
7,2013-01-31,7,25-177,PIT,@,NYR,W,0,1,1,0,0,0,0,0,0,,,,6,0.0,25,22:32,0,0,16,12,57.1
8,2013-02-02,8,25-179,PIT,,NJD,W,1,2,3,4,4,1,0,0,0,,,,5,20.0,26,19:56,2,0,14,7,66.7
9,2013-02-03,9,25-180,PIT,@,WSH,W,0,3,3,1,0,0,0,0,0,,,,3,0.0,22,19:13,2,0,12,14,46.2
10,2013-02-05,10,25-182,PIT,@,NYI,W,0,1,1,0,0,0,0,0,0,,,,2,0.0,22,16:09,0,0,11,11,50.0
11,2013-02-07,11,25-184,PIT,,WSH,W,1,2,3,1,0,0,1,0,0,,,,2,50.0,25,20:08,0,0,12,11,52.2
12,2013-02-09,12,25-186,PIT,@,NJD,L,0,0,0,0,0,0,0,0,0,,,,6,0.0,23,22:45,0,1,13,9,59.1
13,2013-02-10,13,25-187,PIT,,NJD,L,0,0,0,0,0,0,0,0,0,,,,4,0.0,21,21:40,0,0,19,5,79.2
14,2013-02-13,14,25-190,PIT,,OTT,W,1,2,3,1,0,1,0,0,0,,,,4,25.0,21,22:29,0,0,16,10,61.5
15,2013-02-15,15,25-192,PIT,@,WPG,W,0,1,1,0,0,0,0,0,0,,,,2,0.0,20,21:07,0,1,13,11,54.2
16,2013-02-17,16,25-194,PIT,@,BUF,W,1,2,3,3,2,0,1,0,0,,,,4,25.0,24,22:35,0,0,12,10,54.5
17,2013-02-20,17,25-197,PIT,,PHI,L,0,1,1,-3,0,0,0,0,0,,,,4,0.0,25,27:00,0,0,21,7,75.0
18,2013-02-22,18,25-199,PIT,,FLA,W,0,0,0,0,0,0,0,0,0,,,,3,0.0,19,22:54,0,0,8,9,47.1
19,2013-02-24,19,25-201,PIT,,TBL,W,2,1,3,1,0,2,0,0,0,,,,5,40.0,22,19:59,0,1,13,14,48.1
20,2013-02-26,20,25-203,PIT,@,FLA,L,0,2,2,0,0,0,0,0,0,,,,3,0.0,23,26:06,1,0,16,10,61.5
21,2013-02-28,21,25-205,PIT,@,CAR,L,0,1,1,-2,0,0,0,0,0,,,,1,0.0,27,24:31,2,0,21,8,72.4
22,2013-03-02,22,25-207,PIT,@,MTL,W,1,2,3,2,0,1,0,0,0,,,,5,20.0,29,23:23,0,1,15,16,48.4
23,2013-03-04,23,25-209,PIT,,TBL,W,1,1,2,2,0,1,0,0,0,,,,2,50.0,25,21:41,1,0,15,14,51.7
24,2013-03-07,24,25-212,PIT,@,PHI,W,0,3,3,0,0,0,0,0,0,,,,1,0.0,22,17:35,0,0,10,13,43.5
25,2013-03-09,25,25-214,PIT,@,TOR,W,1,0,1,2,2,1,0,0,0,,,,3,33.3,26,25:10,1,0,14,15,48.3
26,2013-03-10,26,25-215,PIT,,NYI,W,0,5,5,3,2,0,0,0,0,,,,3,0.0,17,15:00,1,0,9,8,52.9
27,2013-03-12,27,25-217,PIT,,BOS,W,0,0,0,2,0,0,0,0,0,,,,3,0.0,23,23:15,0,1,11,16,40.7
28,2013-03-14,28,25-219,PIT,@,TOR,W,0,2,2,2,0,0,0,0,0,,,,2,0.0,24,22:57,2,0,16,11,59.3
29,2013-03-16,29,25-221,PIT,,NYR,W,0,0,0,0,2,0,0,0,0,,,,2,0.0,25,21:31,1,2,7,14,33.3
30,2013-03-17,30,25-222,PIT,,BOS,W,1,0,1,1,2,1,0,0,0,,,,2,50.0,26,21:32,2,0,10,11,47.6
31,2013-03-19,31,25-224,PIT,,WSH,W,0,2,2,1,0,0,0,0,0,,,,4,0.0,26,22:55,0,1,16,10,61.5
32,2013-03-22,32,25-227,PIT,@,NYI,W,0,2,2,1,0,0,0,0,0,,,,1,0.0,25,21:04,0,1,11,7,61.1
33,2013-03-24,33,25-229,PIT,,PHI,W,1,0,1,0,0,0,1,0,0,,,,7,14.3,23,24:16,0,0,9,11,45.0
34,2013-03-26,34,25-231,PIT,,MTL,W,1,0,1,1,0,1,0,0,1,,,,6,16.7,23,22:40,0,1,11,15,42.3
35,2013-03-28,35,25-233,PIT,,WPG,W,0,2,2,2,0,0,0,0,0,,,,6,0.0,19,18:37,0,3,7,6,53.8
36,2013-03-30,36,25-235,PIT,,NYI,W,0,0,0,0,0,0,0,0,0,,,,0,,1,0:50,0,0,1,0,100.0
1,2011-11-21,1,24-106,PIT,,NYI,W,2,2,4,3,0,2,0,0,1,,,,8,25.0,21,15:54,1,1,14,7,66.7
2,2011-11-23,2,24-108,PIT,,STL,L-OT,0,0,0,1,6,0,0,0,0,,,,2,0.0,26,18:41,1,0,14,11,56.0
3,2011-11-25,3,24-110,PIT,,OTT,W,0,3,3,1,2,0,0,0,0,,,,2,0.0,20,17:06,1,0,18,7,72.0
4,2011-11-26,4,24-111,PIT,@,MTL,W,0,2,2,2,0,0,0,0,0,,,,3,0.0,23,20:55,3,0,7,18,28.0
5,2011-11-29,5,24-114,PIT,@,NYR,L,0,2,2,0,0,0,0,0,0,,,,1,0.0,23,20:36,0,1,9,11,45.0
6,2011-12-01,6,24-116,PIT,@,WSH,W,0,0,0,-1,0,0,0,0,0,,,,3,0.0,21,20:21,0,0,6,16,27.3
7,2011-12-03,7,24-118,PIT,@,CAR,W,0,1,1,1,0,0,0,0,0,,,,7,0.0,24,19:27,1,0,9,11,45.0
8,2011-12-05,8,24-120,PIT,,BOS,L,0,0,0,0,0,0,0,0,0,,,,5,0.0,23,21:03,0,0,16,15,51.6
9,2012-03-15,9,24-221,PIT,@,NYR,W,0,2,2,3,0,0,0,0,0,,,,1,0.0,18,16:00,0,1,11,10,52.4
10,2012-03-17,10,24-223,PIT,@,NJD,W,0,3,3,2,0,0,0,0,0,,,,6,0.0,17,15:19,0,0,4,6,40.0
11,2012-03-18,11,24-224,PIT,@,PHI,L-OT,0,0,0,-1,0,0,0,0,0,,,,3,0.0,20,17:37,0,0,11,10,52.4
12,2012-03-20,12,24-226,PIT,,WPG,W,0,4,4,3,0,0,0,0,0,,,,2,0.0,22,19:08,2,0,14,10,58.3
13,2012-03-22,13,24-228,PIT,,NSH,W,0,0,0,1,2,0,0,0,0,,,,1,0.0,21,19:02,0,1,9,11,45.0
14,2012-03-24,14,24-230,PIT,@,OTT,L,1,1,2,0,0,1,0,0,0,,,,6,16.7,21,17:31,1,0,9,12,42.9
15,2012-03-25,15,24-231,PIT,,NJD,W,1,1,2,1,0,1,0,0,0,,,,3,33.3,22,19:53,1,0,12,7,63.2
16,2012-03-27,16,24-233,PIT,,NYI,L,0,0,0,-1,2,0,0,0,0,,,,3,0.0,21,21:09,0,0,15,6,71.4
17,2012-03-29,17,24-235,PIT,@,NYI,L,0,0,0,-2,0,0,0,0,0,,,,1,0.0,15,17:28,0,0,6,8,42.9
18,2012-03-30,18,24-236,PIT,@,BUF,W,1,3,4,1,0,1,0,0,0,,,,2,50.0,21,17:40,0,0,7,11,38.9
19,2012-04-01,19,24-238,PIT,,PHI,L,0,2,2,0,0,0,0,0,0,,,,7,0.0,24,22:12,0,1,15,15,50.0
20,2012-04-03,20,24-240,PIT,@,BOS,W,2,1,3,-1,2,1,1,0,1,,,,3,66.7,20,18:03,0,1,11,10,52.4
21,2012-04-05,21,24-242,PIT,,NYR,W,0,1,1,0,0,0,0,0,0,,,,5,0.0,16,17:35,0,1,8,8,50.0
22,2012-04-07,22,24-244,PIT,,PHI,W,1,1,2,2,0,0,1,0,1,,,,1,100.0,14,13:43,0,0,2,6,25.0
1,2010-10-07,1,23-061,PIT,,PHI,L,0,0,0,-1,0,0,0,0,0,,,,2,0.0,23,24:42,2,0,18,11,62.1
2,2010-10-09,2,23-063,PIT,,MTL,L,0,1,1,-1,0,0,0,0,0,,,,5,0.0,23,21:45,4,0,13,11,54.2
3,2010-10-11,3,23-065,PIT,@,NJD,W,0,0,0,2,0,0,0,0,0,,,,4,0.0,20,21:42,0,0,11,8,57.9
4,2010-10-13,4,23-067,PIT,,TOR,L,1,0,1,0,0,1,0,0,0,,,,3,33.3,23,20:57,4,0,10,6,62.5
5,2010-10-15,5,23-069,PIT,,NYI,W,0,1,1,-1,0,0,0,0,0,,,,5,0.0,23,23:07,0,1,15,10,60.0
6,2010-10-16,6,23-070,PIT,@,PHI,W,2,1,3,1,2,0,2,0,0,,,,8,25.0,21,21:45,3,1,14,10,58.3
7,2010-10-18,7,23-072,PIT,,OTT,W,1,1,2,0,0,0,1,0,0,,,,2,50.0,20,19:23,0,0,10,8,55.6
8,2010-10-21,8,23-075,PIT,@,NSH,W,2,1,3,2,2,2,0,0,0,,,,9,22.2,23,23:43,0,0,11,13,45.8
9,2010-10-23,9,23-077,PIT,@,STL,L-OT,0,0,0,-1,0,0,0,0,0,,,,5,0.0,23,22:49,1,1,13,9,59.1
10,2010-10-27,10,23-081,PIT,@,TBL,L,0,1,1,-1,0,0,0,0,0,,,,3,0.0,24,24:45,1,1,10,12,45.5
11,2010-10-29,11,23-083,PIT,,PHI,L,0,1,1,0,0,0,0,0,0,,,,1,0.0,23,21:04,2,1,20,13,60.6
12,2010-10-30,12,23-084,PIT,@,CAR,W,0,2,2,2,0,0,0,0,0,,,,5,0.0,20,17:45,0,1,13,5,72.2
13,2010-11-03,13,23-088,PIT,@,DAL,L,0,0,0,-2,5,0,0,0,0,,,,2,0.0,21,18:39,1,1,10,6,62.5
14,2010-11-05,14,23-090,PIT,@,ANA,L,2,0,2,0,0,1,1,0,0,,,,2,100.0,21,22:34,0,0,14,8,63.6
15,2010-11-06,15,23-091,PIT,@,PHX,W,1,1,2,1,0,1,0,0,0,,,,6,16.7,25,23:52,0,0,14,15,48.3
16,2010-11-10,16,23-095,PIT,,BOS,L,1,2,3,-1,0,0,1,0,0,,,,2,50.0,26,24:53,2,0,11,14,44.0
17,2010-11-12,17,23-097,PIT,,TBL,W,1,1,2,2,0,1,0,0,0,,,,2,50.0,23,20:16,0,1,13,9,59.1
18,2010-11-13,18,23-098,PIT,@,ATL,W,1,2,3,2,0,1,0,0,0,,,,3,33.3,23,21:05,0,1,8,13,38.1
19,2010-11-15,19,23-100,PIT,,NYR,L-OT,0,1,1,-1,0,0,0,0,0,,,,3,0.0,24,29:45,1,1,25,7,78.1
20,2010-11-17,20,23-102,PIT,,VAN,W,1,0,1,1,4,1,0,0,0,,,,4,25.0,28,21:49,2,0,16,13,55.2
21,2010-11-19,21,23-104,PIT,,CAR,W,1,3,4,0,0,1,0,0,0,,,,5,20.0,27,24:06,0,1,17,17,50.0
22,2010-11-22,22,23-107,PIT,@,FLA,W,1,1,2,-1,0,0,1,0,0,,,,5,20.0,23,22:11,1,1,13,9,59.1
23,2010-11-24,23,23-109,PIT,@,BUF,W,0,1,1,1,0,0,0,0,0,,,,1,0.0,22,22:02,0,1,10,17,37.0
24,2010-11-26,24,23-111,PIT,,OTT,W,0,1,1,0,0,0,0,0,0,,,,5,0.0,22,22:38,1,1,10,13,43.5
25,2010-11-27,25,23-112,PIT,,CGY,W,3,0,3,2,0,1,1,1,1,,,,5,60.0,25,19:05,1,0,12,16,42.9
26,2010-11-29,26,23-114,PIT,@,NYR,W,0,1,1,1,2,0,0,0,0,,,,3,0.0,21,19:53,1,0,14,5,73.7
27,2010-12-02,27,23-117,PIT,,ATL,W,3,0,3,2,0,3,0,0,1,,,,5,60.0,23,20:27,0,0,12,9,57.1
28,2010-12-04,28,23-119,PIT,@,CBJ,W,2,0,2,1,0,1,1,0,0,,,,6,33.3,18,17:52,0,0,8,6,57.1
29,2010-12-06,29,23-121,PIT,,NJD,W,1,1,2,2,2,1,0,0,1,,,,7,14.3,23,24:59,0,1,18,17,51.4
30,2010-12-08,30,23-123,PIT,,TOR,W,2,0,2,2,6,2,0,0,0,,,,2,100.0,23,20:47,0,2,19,7,73.1
31,2010-12-11,31,23-126,PIT,@,BUF,W,0,1,1,2,2,0,0,0,0,,,,3,0.0,21,21:00,0,0,11,7,61.1
32,2010-12-14,32,23-129,PIT,@,PHI,L,0,2,2,-1,0,0,0,0,0,,,,0,,21,21:20,0,1,14,11,56.0
33,2010-12-15,33,23-130,PIT,,NYR,L,0,1,1,-1,0,0,0,0,0,,,,0,,24,22:09,0,0,13,9,59.1
34,2010-12-20,34,23-135,PIT,,PHX,W,1,2,3,1,0,0,1,0,0,,,,8,12.5,20,17:44,1,1,13,8,61.9
35,2010-12-22,35,23-137,PIT,,FLA,W,1,0,1,2,0,1,0,0,0,,,,8,12.5,19,20:26,0,1,14,10,58.3
36,2010-12-23,36,23-138,PIT,@,WSH,W,1,1,2,1,0,1,0,0,0,,,,5,20.0,25,24:54,0,1,11,17,39.3
37,2010-12-26,37,23-141,PIT,@,OTT,L,1,0,1,0,4,1,0,0,0,,,,4,25.0,24,24:46,2,0,16,13,55.2
38,2010-12-28,38,23-143,PIT,,ATL,W,2,2,4,3,0,1,1,0,0,,,,4,50.0,19,15:43,0,0,10,8,55.6
39,2010-12-29,39,23-144,PIT,@,NYI,L-SO,0,0,0,-1,0,0,0,0,0,,,,2,0.0,26,26:16,0,0,16,14,53.3
40,2011-01-01,40,23-147,PIT,,WSH,L,0,0,0,-1,0,0,0,0,0,,,,5,0.0,25,24:56,1,0,14,10,58.3
41,2011-01-05,41,23-151,PIT,,TBL,W,0,1,1,1,2,0,0,0,0,,,,2,0.0,22,19:03,0,2,12,11,52.2
1,2009-10-02,1,22-056,PIT,,NYR,W,1,0,1,1,2,1,0,0,0,,,,2,50.0,22,19:11,1,1,13,7,65.0
2,2009-10-03,2,22-057,PIT,@,NYI,W,1,1,2,1,0,1,0,0,0,,,,6,16.7,26,22:32,0,2,17,9,65.4
3,2009-10-07,3,22-061,PIT,,PHX,L,0,0,0,-1,4,0,0,0,0,,,,3,0.0,19,17:45,0,0,5,12,29.4
4,2009-10-08,4,22-062,PIT,@,PHI,W,0,0,0,1,2,0,0,0,0,,,,2,0.0,24,20:49,0,1,21,3,87.5
5,2009-10-10,5,22-064,PIT,@,TOR,W,2,0,2,0,0,0,2,0,1,,,,3,66.7,24,22:11,2,1,17,8,68.0
6,2009-10-12,6,22-066,PIT,@,OTT,W,0,0,0,1,0,0,0,0,0,,,,4,0.0,23,22:30,0,0,6,7,46.2
7,2009-10-14,7,22-068,PIT,@,CAR,W,0,0,0,-1,2,0,0,0,0,,,,7,0.0,24,21:38,0,,,,
8,2009-10-17,8,22-071,PIT,,TBL,W,0,2,2,2,2,0,0,0,0,,,,3,0.0,21,20:09,1,0,11,12,47.8
9,2009-10-20,9,22-074,PIT,,STL,W,0,1,1,1,4,0,0,0,0,,,,2,0.0,22,18:52,1,0,9,6,60.0
10,2009-10-23,10,22-077,PIT,,FLA,W,2,0,2,1,0,0,1,1,0,,,,7,28.6,28,25:50,2,0,21,15,58.3
11,2009-10-24,11,22-078,PIT,,NJD,L,0,1,1,0,0,0,0,0,0,,,,2,0.0,21,21:43,2,0,11,7,61.1
12,2009-10-28,12,22-082,PIT,,MTL,W,3,0,3,3,0,3,0,0,1,,,,9,33.3,25,19:55,1,0,16,8,66.7
13,2009-10-30,13,22-084,PIT,@,CBJ,W,0,2,2,2,2,0,0,0,0,,,,3,0.0,29,22:37,1,0,12,16,42.9
14,2009-10-31,14,22-085,PIT,,MIN,L,0,0,0,-1,9,0,0,0,0,,,,3,0.0,23,23:46,0,0,11,11,50.0
15,2009-11-03,15,22-088,PIT,@,ANA,W,0,0,0,0,0,0,0,0,0,,,,2,0.0,21,21:51,0,1,11,10,52.4
16,2009-11-05,16,22-090,PIT,@,LAK,L,0,0,0,-1,2,0,0,0,0,,,,1,0.0,22,21:13,2,0,12,11,52.2
17,2009-11-07,17,22-092,PIT,@,SJS,L,0,0,0,-2,2,0,0,0,0,,,,3,0.0,26,21:11,0,1,16,7,69.6
18,2009-11-10,18,22-095,PIT,@,BOS,L,0,0,0,-2,0,0,0,0,0,,,,2,0.0,24,22:46,1,1,8,11,42.1
19,2009-11-12,19,22-097,PIT,,NJD,L,0,1,1,-1,2,0,0,0,0,,,,5,0.0,24,23:41,0,0,13,10,56.5
20,2009-11-14,20,22-099,PIT,,BOS,W,1,2,3,3,2,1,0,0,0,,,,4,25.0,27,25:38,1,1,13,13,50.0
21,2009-11-16,21,22-101,PIT,,ANA,W,0,1,1,0,0,0,0,0,0,,,,3,0.0,21,22:51,4,1,10,9,52.6
22,2009-11-19,22,22-104,PIT,@,OTT,L,0,0,0,-2,0,0,0,0,0,,,,4,0.0,19,21:11,0,0,12,7,63.2
23,2009-11-21,23,22-106,PIT,@,ATL,W,0,1,1,-2,0,0,0,0,0,,,,2,0.0,21,20:48,0,0,8,12,40.0
24,2009-11-23,24,22-108,PIT,@,FLA,W,1,0,1,-1,4,0,1,0,1,,,,8,12.5,25,24:21,1,0,12,7,63.2
25,2009-11-25,25,22-110,PIT,,MTL,W,1,1,2,2,0,1,0,0,0,,,,2,50.0,19,18:48,2,0,8,5,61.5
26,2009-11-27,26,22-112,PIT,@,NYI,L,0,0,0,-2,0,0,0,0,0,,,,1,0.0,23,24:45,0,1,14,9,60.9
27,2009-11-28,27,22-113,PIT,,NYR,W,3,2,5,4,0,2,1,0,0,,,,5,60.0,18,19:59,0,0,15,5,75.0
28,2009-11-30,28,22-115,PIT,@,NYR,W,2,1,3,2,0,2,0,0,0,,,,3,66.7,25,24:10,0,1,9,10,47.4
29,2009-12-03,29,22-118,PIT,,COL,W,2,1,3,2,0,2,0,0,0,,,,2,100.0,23,21:11,4,1,13,10,56.5
30,2009-12-07,30,22-122,PIT,,CAR,L,1,0,1,1,0,1,0,0,0,,,,4,25.0,23,26:32,1,1,12,10,54.5
31,2009-12-10,31,22-125,PIT,@,MTL,W,0,0,0,1,0,0,0,0,0,,,,2,0.0,24,24:07,0,1,13,13,50.0
32,2009-12-12,32,22-127,PIT,,FLA,W,0,1,1,-1,0,0,0,0,0,,,,7,0.0,20,21:54,1,0,18,8,69.2
33,2009-12-15,33,22-130,PIT,,PHI,W,1,2,3,2,0,0,1,0,0,,,,5,20.0,21,18:14,1,0,8,9,47.1
34,2009-12-17,34,22-132,PIT,@,PHI,W,1,0,1,0,0,0,1,0,0,,,,7,14.3,28,25:57,0,1,13,8,61.9
35,2009-12-19,35,22-134,PIT,@,BUF,W,0,1,1,1,0,0,0,0,0,,,,4,0.0,23,21:20,0,0,10,11,47.6
36,2009-12-21,36,22-136,PIT,,NJD,L,0,0,0,0,2,0,0,0,0,,,,2,0.0,22,24:26,0,2,19,7,73.1
37,2009-12-23,37,22-138,PIT,,OTT,W,0,3,3,0,0,0,0,0,0,,,,1,0.0,20,21:08,0,0,18,7,72.0
38,2009-12-27,38,22-142,PIT,,TOR,L,1,0,1,0,0,0,1,0,0,,,,3,33.3,25,24:25,3,1,18,10,64.3
39,2009-12-29,39,22-144,PIT,@,BUF,L,0,1,1,0,0,0,0,0,0,,,,3,0.0,27,22:58,0,0,13,9,59.1
40,2009-12-30,40,22-145,PIT,@,NJD,L,0,0,0,-2,2,0,0,0,0,,,,3,0.0,24,21:37,0,0,12,10,54.5
41,2010-01-02,41,22-148,PIT,@,TBL,L,0,0,0,-1,2,0,0,0,0,,,,3,0.0,22,22:45,4,0,10,7,58.8
42,2010-01-03,42,22-149,PIT,@,FLA,L,1,0,1,-1,0,1,0,0,0,,,,9,11.1,22,22:09,0,1,13,4,76.5
43,2010-01-05,43,22-151,PIT,,ATL,W,0,0,0,-1,0,0,0,0,0,,,,3,0.0,24,20:44,0,0,9,9,50.0
44,2010-01-07,44,22-153,PIT,,PHI,L,2,0,2,0,0,2,0,0,0,,,,5,40.0,23,23:24,1,1,18,11,62.1
45,2010-01-09,45,22-155,PIT,@,TOR,W,1,1,2,2,0,1,0,0,0,,,,8,12.5,20,17:41,0,0,12,8,60.0
46,2010-01-11,46,22-157,PIT,@,MIN,L,2,1,3,2,0,2,0,0,0,,,,8,25.0,22,22:57,0,1,14,17,45.2
47,2010-01-13,47,22-159,PIT,@,CGY,W,1,0,1,1,2,1,0,0,0,,,,2,50.0,24,18:43,1,0,14,11,56.0
48,2010-01-14,48,22-160,PIT,@,EDM,W,0,0,0,0,0,0,0,0,0,,,,3,0.0,24,19:34,0,1,12,9,57.1
49,2010-01-16,49,22-162,PIT,@,VAN,L,0,0,0,-3,0,0,0,0,0,,,,0,,21,18:25,0,0,9,7,56.3
50,2010-01-19,50,22-165,PIT,,NYI,W,2,4,6,1,0,2,0,0,0,,,,3,66.7,26,22:00,1,0,16,7,69.6
51,2010-01-21,51,22-167,PIT,,WSH,L,1,0,1,-1,0,1,0,0,0,,,,6,16.7,25,23:39,3,1,10,20,33.3
52,2010-01-24,52,22-170,PIT,@,PHI,W,0,1,1,0,2,0,0,0,0,,,,0,,24,18:50,1,2,9,7,56.3
53,2010-01-25,53,22-171,PIT,@,NYR,W,0,2,2,1,0,0,0,0,0,,,,3,0.0,26,21:42,2,1,18,9,66.7
54,2010-01-28,54,22-174,PIT,,OTT,L,0,0,0,-2,2,0,0,0,0,,,,3,0.0,21,20:26,0,0,11,15,42.3
55,2010-01-31,55,22-177,PIT,,DET,W,1,0,1,0,0,1,0,0,0,,,,6,16.7,26,20:23,1,0,10,12,45.5
56,2010-02-01,56,22-178,PIT,,BUF,W,3,0,3,0,0,2,1,0,1,,,,5,60.0,23,20:02,1,1,11,7,61.1
57,2010-02-06,57,22-183,PIT,@,MTL,L,0,1,1,-2,0,0,0,0,0,,,,0,,22,20:51,0,0,9,13,40.9
58,2010-02-07,58,22-184,PIT,@,WSH,L-OT,2,0,2,-1,0,1,1,0,0,,,,7,28.6,30,25:18,0,0,16,11,59.3
59,2010-02-10,59,22-187,PIT,,NYI,W,0,0,0,1,0,0,0,0,0,,,,1,0.0,24,21:26,1,0,14,9,60.9
60,2010-02-12,60,22-189,PIT,,NYR,L-OT,2,0,2,0,0,1,1,0,0,,,,4,50.0,23,20:49,0,1,7,13,35.0
61,2010-02-14,61,22-191,PIT,,NSH,L-SO,1,1,2,1,2,0,1,0,0,,,,3,33.3,23,23:07,2,3,13,8,61.9
62,2010-03-02,62,22-207,PIT,,BUF,W,0,1,1,0,2,0,0,0,0,,,,2,0.0,16,17:34,0,0,7,5,58.3
63,2010-03-04,63,22-209,PIT,@,NYR,W,0,1,1,2,4,0,0,0,0,,,,3,0.0,28,24:30,3,1,13,8,61.9
64,2010-03-06,64,22-211,PIT,,DAL,W,2,1,3,2,0,1,0,1,1,,,,5,40.0,24,18:54,0,1,14,12,53.8
65,2010-03-07,65,22-212,PIT,,BOS,W,0,1,1,1,0,0,0,0,0,,,,4,0.0,22,19:59,0,0,10,11,47.6
66,2010-03-11,66,22-216,PIT,@,CAR,L-OT,0,1,1,-1,0,0,0,0,0,,,,4,0.0,25,20:07,0,1,7,12,36.8
67,2010-03-12,67,22-217,PIT,@,NJD,L,1,0,1,-2,0,1,0,0,0,,,,3,33.3,25,22:53,1,0,11,7,61.1
68,2010-03-14,68,22-219,PIT,@,TBL,W,0,1,1,0,0,0,0,0,0,,,,6,0.0,24,23:44,0,2,10,12,45.5
69,2010-03-17,69,22-222,PIT,@,NJD,L,0,0,0,-1,2,0,0,0,0,,,,2,0.0,25,23:35,0,1,6,7,46.2
70,2010-03-18,70,22-223,PIT,@,BOS,W,0,0,0,1,0,0,0,0,0,,,,3,0.0,23,22:18,1,0,9,6,60.0
71,2010-03-20,71,22-225,PIT,,CAR,L-OT,0,1,1,-2,0,0,0,0,0,,,,1,0.0,26,22:30,0,1,12,9,57.1
72,2010-03-22,72,22-227,PIT,@,DET,L,0,0,0,-2,2,0,0,0,0,,,,3,0.0,25,20:22,1,0,13,11,54.2
73,2010-03-24,73,22-229,PIT,@,WSH,L-SO,0,1,1,1,0,0,0,0,0,,,,4,0.0,27,25:55,0,1,11,14,44.0
74,2010-03-27,74,22-232,PIT,,PHI,W,0,3,3,1,0,0,0,0,0,,,,6,0.0,22,19:46,1,0,11,9,55.0
75,2010-03-28,75,22-233,PIT,,TOR,W,2,0,2,0,0,2,0,0,0,,,,6,33.3,24,23:51,2,0,15,13,53.6
76,2010-03-31,76,22-236,PIT,,TBL,L,0,0,0,0,0,0,0,0,0,,,,3,0.0,21,25:27,0,0,15,8,65.2
77,2010-04-03,77,22-239,PIT,,ATL,W,0,3,3,2,0,0,0,0,0,,,,2,0.0,27,25:47,1,0,16,13,55.2
78,2010-04-06,78,22-242,PIT,,WSH,L,1,2,3,0,0,0,1,0,0,,,,2,50.0,25,27:01,1,0,16,12,57.1
79,2010-04-08,79,22-244,PIT,,NYI,W,1,3,4,2,4,1,0,0,1,,,,4,25.0,23,16:47,1,1,12,14,46.2
80,2010-04-10,80,22-246,PIT,@,ATL,L,0,0,0,-1,2,0,0,0,0,,,,3,0.0,22,23:16,0,1,12,11,52.2
81,2010-04-11,81,22-247,PIT,@,NYI,W,2,3,5,3,2,2,0,0,0,,,,6,33.3,25,22:38,0,0,19,14,57.6
1,2008-10-04,1,21-058,PIT,@,OTT,W,0,1,1,1,0,0,0,0,0,,,,5,0.0,27,24:53,3,0,15,9,62.5
2,2008-10-05,2,21-059,PIT,,OTT,L,0,1,1,0,0,0,0,0,0,,,,6,0.0,25,26:31,2,1,12,12,50.0
3,2008-10-11,3,21-065,PIT,,NJD,L-OT,0,0,0,0,2,0,0,0,0,,,,2,0.0,24,22:56,3,4,7,11,38.9
4,2008-10-14,4,21-068,PIT,,PHI,W,0,0,0,0,2,0,0,0,0,,,,1,0.0,26,23:03,2,0,12,5,70.6
5,2008-10-16,5,21-070,PIT,,WSH,L,0,2,2,-3,0,0,0,0,0,,,,5,0.0,23,22:07,0,0,11,12,47.8
6,2008-10-18,6,21-072,PIT,,TOR,W,1,3,4,2,0,1,0,0,0,,,,1,100.0,22,17:57,0,0,16,6,72.7
7,2008-10-20,7,21-074,PIT,@,BOS,W,0,1,1,1,4,0,0,0,0,,,,6,0.0,28,23:02,1,0,9,11,45.0
8,2008-10-23,8,21-077,PIT,,CAR,W,1,1,2,1,2,0,1,0,0,,,,6,16.7,24,20:46,3,1,9,12,42.9
9,2008-10-25,9,21-079,PIT,@,NYR,L-SO,1,0,1,0,0,1,0,0,0,,,,4,25.0,24,22:07,0,0,7,7,50.0
10,2008-10-28,10,21-082,PIT,@,SJS,L,0,1,1,0,2,0,0,0,0,,,,0,,24,22:25,2,0,4,16,20.0
11,2008-10-30,11,21-084,PIT,@,PHX,L,0,0,0,-1,0,0,0,0,0,,,,1,0.0,18,15:56,0,0,7,8,46.7
12,2008-11-01,12,21-086,PIT,@,STL,W,0,2,2,2,0,0,0,0,0,,,,3,0.0,25,22:42,0,0,10,9,52.6
13,2008-11-06,13,21-091,PIT,,EDM,W,0,1,1,2,0,0,0,0,0,,,,7,0.0,24,22:52,0,0,15,10,60.0
14,2008-11-08,14,21-093,PIT,@,NYI,W,0,0,0,-2,0,0,0,0,0,,,,3,0.0,26,24:14,0,0,9,16,36.0
15,2008-11-11,15,21-096,PIT,@,DET,W,1,2,3,2,2,1,0,0,0,,,,6,16.7,24,24:10,0,0,9,10,47.4
16,2008-11-13,16,21-098,PIT,,PHI,W,2,0,2,-1,2,1,1,0,0,,,,6,33.3,29,24:34,6,1,15,12,55.6
17,2008-11-15,17,21-100,PIT,,BUF,W,0,1,1,-1,0,0,0,0,0,,,,1,0.0,23,21:54,3,0,9,11,45.0
18,2008-11-18,18,21-103,PIT,,MIN,L-SO,0,0,0,0,0,0,0,0,0,,,,1,0.0,24,24:02,0,0,12,9,57.1
19,2008-11-20,19,21-105,PIT,@,ATL,W,1,2,3,2,0,1,0,0,0,,,,6,16.7,23,24:13,0,0,9,9,50.0
20,2008-11-22,20,21-107,PIT,,VAN,L,0,0,0,-2,0,0,0,0,0,,,,1,0.0,25,23:17,0,0,9,11,45.0
21,2008-11-26,21,21-111,PIT,@,NYI,W,1,2,3,4,0,1,0,0,0,,,,5,20.0,30,24:39,2,0,12,16,42.9
22,2008-11-28,22,21-113,PIT,@,BUF,L,2,0,2,1,0,2,0,0,0,,,,5,40.0,25,24:29,1,0,14,16,46.7
23,2008-11-29,23,21-114,PIT,,NJD,W,3,1,4,3,2,3,0,0,0,,,,6,50.0,23,20:14,0,1,6,8,42.9
24,2008-12-03,24,21-118,PIT,@,NYR,L-SO,0,1,1,0,0,0,0,0,0,,,,2,0.0,30,22:49,2,0,5,11,31.3
25,2008-12-04,25,21-119,PIT,@,CAR,W,0,4,4,2,2,0,0,0,0,,,,2,0.0,24,22:06,0,4,9,17,34.6
26,2008-12-06,26,21-121,PIT,@,OTT,L,0,1,1,0,2,0,0,0,0,,,,0,,26,25:40,1,0,7,14,33.3
27,2008-12-08,27,21-123,PIT,,BUF,L,0,1,1,-2,0,0,0,0,0,,,,4,0.0,25,27:34,1,0,14,10,58.3
28,2008-12-10,28,21-125,PIT,@,NJD,L,0,0,0,-2,4,0,0,0,0,,,,2,0.0,23,18:53,0,0,9,5,64.3
29,2008-12-11,29,21-126,PIT,,NYI,W,0,3,3,2,0,0,0,0,0,,,,5,0.0,23,21:33,1,0,14,9,60.9
30,2008-12-13,30,21-128,PIT,@,PHI,L,0,0,0,-1,0,0,0,0,0,,,,4,0.0,26,21:37,1,1,12,6,66.7
31,2008-12-18,31,21-133,PIT,@,ATL,W,0,2,2,-1,2,0,0,0,0,,,,0,,26,20:57,0,1,7,11,38.9
32,2008-12-20,32,21-135,PIT,,TOR,L,0,0,0,0,2,0,0,0,0,,,,1,0.0,23,18:20,0,0,6,13,31.6
33,2008-12-22,33,21-137,PIT,@,BUF,W,1,0,1,1,0,1,0,0,1,,,,2,50.0,26,19:56,0,0,16,7,69.6
34,2008-12-23,34,21-138,PIT,,TBL,L,0,0,0,0,0,0,0,0,0,,,,0,,26,24:28,1,0,9,11,45.0
35,2008-12-26,35,21-141,PIT,@,NJD,W,0,0,0,0,0,0,0,0,0,,,,0,,22,20:41,0,0,4,8,33.3
36,2008-12-27,36,21-142,PIT,,MTL,L,1,1,2,0,0,1,0,0,0,,,,6,16.7,25,24:34,2,1,15,8,65.2
37,2008-12-30,37,21-145,PIT,,BOS,L,0,1,1,-1,0,0,0,0,0,,,,3,0.0,22,20:32,0,0,9,10,47.4
38,2009-01-01,38,21-147,PIT,@,BOS,L,0,0,0,-2,0,0,0,0,0,,,,2,0.0,21,24:09,3,2,12,16,42.9
39,2009-01-03,39,21-149,PIT,,FLA,L,0,0,0,-1,21,0,0,0,0,,,,0,,14,12:01,1,0,7,7,50.0
40,2009-01-05,40,21-151,PIT,@,NYR,L,0,0,0,-1,4,0,0,0,0,,,,5,0.0,19,21:33,0,2,13,9,59.1
41,2009-01-06,41,21-152,PIT,,ATL,W,1,0,1,0,4,0,1,0,0,,,,8,12.5,22,20:54,1,0,13,10,56.5
42,2009-01-08,42,21-154,PIT,@,NSH,L,0,2,2,-1,0,0,0,0,0,,,,0,,29,21:50,1,2,16,17,48.5
43,2009-01-10,43,21-156,PIT,@,COL,L,1,1,2,0,0,1,0,0,0,,,,1,100.0,28,22:00,0,0,11,15,42.3
44,2009-01-13,44,21-159,PIT,@,PHI,W,0,2,2,1,0,0,0,0,0,,,,2,0.0,26,20:10,1,0,10,11,47.6
45,2009-01-14,45,21-160,PIT,,WSH,L,0,2,2,-1,0,0,0,0,0,,,,1,0.0,25,22:50,0,0,18,6,75.0
46,2009-01-18,46,21-164,PIT,,NYR,W,0,0,0,0,2,0,0,0,0,,,,4,0.0,22,20:23,1,0,5,10,33.3
47,2009-01-20,47,21-166,PIT,,CAR,L,0,1,1,-1,0,0,0,0,0,,,,1,0.0,26,25:55,3,2,12,11,52.2
48,2009-01-28,48,21-174,PIT,,NYR,W,1,3,4,2,0,1,0,0,0,,,,5,20.0,24,20:44,2,0,11,9,55.0
49,2009-01-30,49,21-176,PIT,@,NJD,L-OT,1,1,2,0,2,1,0,0,0,,,,1,100.0,24,21:16,0,1,8,9,47.1
50,2009-01-31,50,21-177,PIT,@,TOR,L,1,1,2,1,0,1,0,0,0,,,,4,25.0,24,22:29,1,1,11,9,55.0
51,2009-02-03,51,21-180,PIT,@,MTL,L,0,0,0,-1,0,0,0,0,0,,,,3,0.0,24,24:03,2,1,11,12,47.8
52,2009-02-04,52,21-181,PIT,,TBL,W,0,1,1,-1,0,0,0,0,0,,,,4,0.0,25,27:06,0,0,8,14,36.4
53,2009-02-06,53,21-183,PIT,,CBJ,W,1,2,3,2,0,1,0,0,0,,,,2,50.0,26,19:42,2,0,12,9,57.1
54,2009-02-08,54,21-185,PIT,,DET,L,0,0,0,-1,2,0,0,0,0,,,,1,0.0,25,23:21,3,0,15,12,55.6
55,2009-02-11,55,21-188,PIT,,SJS,W,0,0,0,0,0,0,0,0,0,,,,3,0.0,24,21:54,1,0,7,9,43.8
56,2009-02-14,56,21-191,PIT,@,TOR,L,0,0,0,-3,0,0,0,0,0,,,,2,0.0,22,19:36,1,0,11,6,64.7
57,2009-02-16,57,21-193,PIT,@,NYI,L-SO,0,1,1,-1,0,0,0,0,0,,,,5,0.0,29,26:11,0,0,17,8,68.0
58,2009-02-19,58,21-196,PIT,,MTL,W,0,1,1,1,0,0,0,0,0,,,,1,0.0,23,20:38,1,0,12,5,70.6
59,2009-02-21,59,21-198,PIT,@,PHI,W,2,2,4,3,0,2,0,0,1,,,,4,50.0,27,21:59,2,0,13,7,65.0
60,2009-02-22,60,21-199,PIT,@,WSH,L,0,1,1,-2,0,0,0,0,0,,,,3,0.0,25,27:08,1,0,14,11,56.0
61,2009-03-05,61,21-210,PIT,@,FLA,W,1,0,1,0,0,1,0,0,0,,,,4,25.0,19,18:17,1,0,17,6,73.9
62,2009-03-08,62,21-213,PIT,@,WSH,W,1,1,2,1,0,1,0,0,0,,,,4,25.0,27,24:15,3,1,13,16,44.8
63,2009-03-10,63,21-215,PIT,,FLA,W,1,1,2,2,0,1,0,0,0,,,,3,33.3,21,23:37,2,0,20,8,71.4
64,2009-03-12,64,21-217,PIT,@,CBJ,L-SO,0,2,2,0,0,0,0,0,0,,,,5,0.0,26,22:33,0,0,11,11,50.0
65,2009-03-14,65,21-219,PIT,,OTT,L-SO,1,0,1,0,0,1,0,0,0,,,,2,50.0,22,21:52,0,0,9,7,56.3
66,2009-03-15,66,21-220,PIT,,BOS,W,0,3,3,1,0,0,0,0,0,,,,2,0.0,25,23:54,0,1,10,19,34.5
67,2009-03-17,67,21-222,PIT,,ATL,W,0,2,2,0,2,0,0,0,0,,,,4,0.0,21,19:42,0,2,8,6,57.1
68,2009-03-20,68,21-225,PIT,,LAK,W,1,1,2,1,0,1,0,0,0,,,,4,25.0,20,17:33,0,0,6,10,37.5
69,2009-03-22,69,21-227,PIT,,PHI,L,0,1,1,-1,0,0,0,0,0,,,,0,,19,22:12,3,1,13,11,54.2
70,2009-03-25,70,21-230,PIT,,CGY,W,0,1,1,0,0,0,0,0,0,,,,1,0.0,18,17:46,1,1,11,6,64.7
71,2009-03-28,71,21-233,PIT,,NYR,W,1,0,1,0,0,1,0,0,1,,,,7,14.3,21,24:38,0,0,11,9,55.0
72,2009-04-01,72,21-237,PIT,,NJD,W,1,1,2,2,2,0,1,0,0,,,,3,33.3,21,16:21,2,3,9,7,56.3
73,2009-04-04,73,21-240,PIT,@,CAR,L-OT,0,0,0,-2,0,0,0,0,0,,,,5,0.0,25,20:06,0,5,13,14,48.1
74,2009-04-05,74,21-241,PIT,@,FLA,L,0,0,0,-1,7,0,0,0,0,,,,3,0.0,20,20:02,2,1,12,8,60.0
75,2009-04-07,75,21-243,PIT,@,TBL,W,2,0,2,-4,0,0,2,0,0,,,,4,50.0,24,20:05,0,0,6,13,31.6
76,2009-04-09,76,21-245,PIT,,NYI,W,1,1,2,1,0,0,1,0,0,,,,4,25.0,21,16:43,0,1,10,8,55.6
77,2009-04-11,77,21-247,PIT,@,MTL,W,0,0,0,0,0,0,0,0,0,,,,3,0.0,17,19:22,2,0,9,9,50.0
1,2007-10-05,1,20-059,PIT,@,CAR,L,0,0,0,-1,2,0,0,0,0,,,,1,0.0,29,19:27,2,2,12,12,50.0
2,2007-10-06,2,20-060,PIT,,ANA,W,0,1,1,-1,0,0,0,0,0,,,,2,0.0,26,20:38,1,2,11,14,44.0
3,2007-10-10,3,20-064,PIT,,MTL,L,0,1,1,0,0,0,0,0,0,,,,6,0.0,27,22:46,2,0,19,9,67.9
4,2007-10-13,4,20-067,PIT,@,TOR,W,2,0,2,-1,2,1,1,0,1,,,,4,50.0,21,19:28,2,0,16,7,69.6
5,2007-10-17,5,20-071,PIT,,NJD,L,0,2,2,-1,2,0,0,0,0,,,,2,0.0,25,19:52,0,0,8,11,42.1
6,2007-10-19,6,20-073,PIT,,CAR,W,0,2,2,0,0,0,0,0,0,,,,2,0.0,29,23:17,0,0,14,13,51.9
7,2007-10-20,7,20-074,PIT,@,WSH,W,0,1,1,0,0,0,0,0,0,,,,2,0.0,21,17:29,1,1,10,7,58.8
8,2007-10-23,8,20-077,PIT,,NYR,W,0,1,1,0,0,0,0,0,0,,,,1,0.0,25,19:09,3,0,11,6,64.7
9,2007-10-25,9,20-079,PIT,,TOR,L,1,1,2,0,0,1,0,0,0,,,,3,33.3,25,23:03,1,1,8,15,34.8
10,2007-10-27,10,20-081,PIT,,MTL,L-SO,1,0,1,-1,4,1,0,0,0,,,,1,100.0,29,21:47,1,1,13,10,56.5
11,2007-10-30,11,20-084,PIT,@,MIN,W,1,3,4,3,0,1,0,0,0,,,,4,25.0,29,21:30,3,1,15,7,68.2
12,2007-11-01,12,20-086,PIT,@,COL,L,2,0,2,0,4,1,1,0,0,,,,4,50.0,25,22:59,0,0,13,9,59.1
13,2007-11-03,13,20-088,PIT,@,NYI,L,0,1,1,-1,4,0,0,0,0,,,,2,0.0,25,23:10,1,1,9,12,42.9
14,2007-11-05,14,20-090,PIT,@,NJD,W,2,0,2,2,0,1,1,0,1,,,,2,100.0,22,16:02,0,2,7,10,41.2
15,2007-11-07,15,20-092,PIT,,PHI,L,0,1,1,-2,0,0,0,0,0,,,,4,0.0,22,23:41,0,0,12,8,60.0
16,2007-11-08,16,20-093,PIT,@,NYR,L,0,1,1,0,0,0,0,0,0,,,,8,0.0,25,21:25,1,0,11,11,50.0
17,2007-11-10,17,20-095,PIT,@,PHI,L,0,1,1,0,0,0,0,0,0,,,,4,0.0,23,18:58,0,0,15,14,51.7
18,2007-11-12,18,20-097,PIT,,NJD,L,1,1,2,1,0,1,0,0,0,,,,6,16.7,21,19:47,2,1,17,6,73.9
19,2007-11-15,19,20-100,PIT,,NYI,W,0,1,1,1,0,0,0,0,0,,,,3,0.0,25,24:14,0,1,10,13,43.5
20,2007-11-17,20,20-102,PIT,,NYR,L-OT,1,1,2,1,0,1,0,0,0,,,,3,33.3,25,19:05,2,1,7,11,38.9
21,2007-11-21,21,20-106,PIT,,NJD,L,0,0,0,0,4,0,0,0,0,,,,2,0.0,25,24:35,2,2,13,10,56.5
22,2007-11-22,22,20-107,PIT,@,OTT,W,0,1,1,2,0,0,0,0,0,,,,4,0.0,28,24:31,3,0,12,10,54.5
23,2007-11-24,23,20-109,PIT,,ATL,W,1,1,2,1,0,0,1,0,0,,,,5,20.0,25,17:55,0,1,13,3,81.3
24,2007-11-30,24,20-115,PIT,,DAL,W,2,0,2,2,2,2,0,0,0,,,,8,25.0,23,19:36,0,0,10,8,55.6
25,2007-12-01,25,20-116,PIT,@,TOR,L,0,1,1,0,0,0,0,0,0,,,,3,0.0,25,20:03,1,1,10,11,47.6
26,2007-12-03,26,20-118,PIT,,PHX,W,0,1,1,0,0,0,0,0,0,,,,1,0.0,24,22:13,2,1,11,12,47.8
27,2007-12-05,27,20-120,PIT,@,EDM,W,0,3,3,2,0,0,0,0,0,,,,0,,25,20:24,0,0,12,9,57.1
28,2007-12-06,28,20-121,PIT,@,CGY,W,0,0,0,0,0,0,0,0,0,,,,2,0.0,31,22:34,0,2,11,12,47.8
29,2007-12-08,29,20-123,PIT,@,VAN,W,0,0,0,-1,2,0,0,0,0,,,,2,0.0,28,21:36,0,0,5,11,31.3
30,2007-12-11,30,20-126,PIT,@,PHI,L,0,2,2,-3,0,0,0,0,0,,,,1,0.0,19,14:38,0,0,10,6,62.5
31,2007-12-13,31,20-128,PIT,,OTT,L,0,0,0,-2,2,0,0,0,0,,,,9,0.0,27,21:00,2,1,8,9,47.1
32,2007-12-15,32,20-130,PIT,@,NYI,W,1,0,1,2,0,1,0,0,0,,,,5,20.0,23,21:15,0,0,8,18,30.8
33,2007-12-18,33,20-133,PIT,@,NYR,L,0,0,0,0,0,0,0,0,0,,,,2,0.0,25,21:23,0,1,8,16,33.3
34,2007-12-20,34,20-135,PIT,@,BOS,W,1,2,3,2,5,1,0,0,0,,,,1,100.0,27,20:20,1,0,12,12,50.0
35,2007-12-21,35,20-136,PIT,,NYI,L,0,1,1,-2,0,0,0,0,0,,,,2,0.0,26,23:28,1,1,16,8,66.7
36,2007-12-23,36,20-138,PIT,,BOS,W,0,1,1,0,2,0,0,0,0,,,,1,0.0,23,21:41,0,0,9,11,45.0
37,2007-12-27,37,20-142,PIT,,WSH,W,0,2,2,1,0,0,0,0,0,,,,5,0.0,25,24:43,2,0,10,14,41.7
38,2007-12-29,38,20-144,PIT,,BUF,W,0,2,2,2,0,0,0,0,0,,,,0,,25,22:44,0,1,8,6,57.1
39,2008-01-01,39,20-147,PIT,@,BUF,W,0,1,1,1,0,0,0,0,0,,,,5,0.0,30,22:17,0,0,10,11,47.6
40,2008-01-03,40,20-149,PIT,,TOR,W,0,2,2,2,0,0,0,0,0,,,,3,0.0,22,21:04,1,1,9,9,50.0
41,2008-01-05,41,20-151,PIT,,FLA,W,1,1,2,1,0,1,0,0,0,,,,2,50.0,26,22:16,1,0,10,15,40.0
42,2008-01-08,42,20-154,PIT,@,FLA,W,1,1,2,1,0,1,0,0,1,,,,2,50.0,24,20:29,0,2,10,13,43.5
43,2008-01-10,43,20-156,PIT,@,TBL,W,0,0,0,0,0,0,0,0,0,,,,4,0.0,26,20:49,1,2,7,20,25.9
44,2008-01-12,44,20-158,PIT,@,ATL,L-SO,2,0,2,2,0,2,0,0,0,,,,7,28.6,28,23:54,0,2,13,12,52.0
45,2008-01-14,45,20-160,PIT,,NYR,W,0,2,2,2,2,0,0,0,0,,,,5,0.0,26,20:45,1,1,16,5,76.2
46,2008-01-18,46,20-164,PIT,,TBL,L,0,0,0,0,0,0,0,0,0,,,,1,0.0,4,4:27,1,0,3,1,75.0
47,2008-03-04,47,20-210,PIT,@,TBL,W,0,1,1,2,0,0,0,0,0,,,,3,0.0,23,22:07,0,1,11,4,73.3
48,2008-03-06,48,20-212,PIT,@,FLA,L,0,1,1,-1,0,0,0,0,0,,,,3,0.0,24,20:47,3,0,9,9,50.0
49,2008-03-09,49,20-215,PIT,@,WSH,W,2,0,2,2,0,2,0,0,1,,,,6,33.3,20,19:37,1,1,5,11,31.3
50,2008-03-27,50,20-233,PIT,,NYI,W,0,0,0,0,0,0,0,0,0,,,,3,0.0,20,20:25,0,1,7,11,38.9
51,2008-03-30,51,20-236,PIT,,NYR,W,0,2,2,1,0,0,0,0,0,,,,1,0.0,22,21:51,2,2,13,8,61.9
52,2008-03-31,52,20-237,PIT,@,NYR,L-OT,0,0,0,0,0,0,0,0,0,,,,5,0.0,23,21:22,0,1,10,6,62.5
53,2008-04-02,53,20-239,PIT,,PHI,W,2,1,3,-1,2,0,2,0,0,,,,6,33.3,23,20:17,3,1,10,10,50.0